378.25
372.5
374.6
381.32
390.57
397.01
399.26
403.17
404.3
401.82
412.14
413.45
411.63
400.5
392.96
389.3
384.62
379.94
377.48
384.14
383.93
379.74
374.05
381.03
384.83
389.99
389.97
383.58
373.72
376.18
373.6
356.44
356.03
366.05
380.44
380.48
383.41
376.99
373.7
363.69
374.01
353.21
373.62
377.37
392.57
388.91
396.75
390.48
391.82
392.59
403.41
398.5
393.3
387.29
386.9
376.85
373.8
364.92
357.77
358.02
353.75
354
359.71
357.2
351.76
349.43
343.26
335.67
334.04
335.26
332.04
326.35
331.23
322.61
325.3
315.32
320.26
325.16
326.75
332.44
326.6
325.9
331.49
332.24
332.04
338.04
343.44
346.1
345.51
347.83
337.41
335
336.78
332.19
334.4
335.22
340.53
339.87
336.14
333.3
340.5
346.57
347.23
349.45
347.6
346.66
346.75
349.57
348.2
346.28
350.13
346.75
350.15
350.42
353.01
350.7
342.41
337.86
331.85
327.46
332.42
336.13
332.4
330.8
335.06
338.08
338.04
338.89
341.19
344.56
348.51
348.63
350.96
350.44
351.54
344.97
339.19
341.2
339.3
330.67
334.64
330.01
345.43
353.56
351.99
346.67
352.47
355.76
355.36
360
359.56
352.12
349.31
353.21
348.16
342.88
342.62
338.61
350.56
358.3
363.13
359.9
359.18
356.85
354.54
358.16
355.2
351.88
346.5
343.44
344.32
345.03
339.32
336.1
343.21
343.85
341.4
337.45
326.72
332.68
338.84
340.65
348.48
345.68
344.42
341.64
342.45
336.12
333.73
334
331.29
329.57
322.56
323.66
325.29
325.47
324.68
323.6
325.16
324.2
322.21
320.61
321.25
320.36
320.29
321.67
320.56
319.76
321.01
318.21
320.15
317.44
318.15
316.4
311.15
316.87
315
314.8
308.73
313.36
306.73
308.43
300.5
301.59
307.04
308.03
316.65
318.03
316.08
318.62
317.13
318.27
312.8
309.36
304.18
300.98
305.24
307.83
308.05
308.84
307.47
309.52
310.53
309.49
318
314.74
302.31
300.14
298.54
295.36
294.07
289.22
289.19
288.94
278.64
282.52
283.75
287.37
286.86
291.16
292.32
288.92
287.75
283.77
283.23
275.37
276.57
270.22
268.06
267.04
263.41
263.07
262.92
257.81
258.77
252.17
250.33
243.1
242.5
241.62
240.28
242.89
239.93
245.8
249.64
249.88
253.07
251.97
247.64
249.1
251.79
250.19
259.41
261.75
260.09
261.7
262.98
261.93
261.85
257.25
258.11
260.96
264.08
259.28
259.94
259.02
254.24
251.89
245.58
249.9
251.45
252.73
251.8
257.29
259.62
258.09
258.67
248.63
246.94
248.48
251.53
256.17
268.3
266.7
269
270.97
273.85
270.17
274.07
271.87
267.25
259.69
254.28
253.51
250.51
243.2
249.33
250.94
255.96
263.12
263.95
260.83
256.88
253.35
244.11
245.22
246.76
242.32
237.76
248.34
252.36
254.22
253.82
258.36
262.09
256.52
253.99
235.86
246.25
255.99
258.68
266.35
261.09
268.64
261.6
262.04
269.5
270.83
266.47
259.22
244.59
247.07
247.4
248.92
245.69
242.43
242.29
241.79
239.95
240.6
239.54
238.49
235.97
235
235.85
232.39
230.9
226.65
229.37
228.36
224.75
222.25
224.65
224.12
224.45
223.84
226.6
225.5
224.84
223.02
219.08
218.95
210.71
209.33
208.85
208.99
204.62
202
200.66
197.06
200.42
201.67
202.93
202.55
203.4
200.38
198.67
195.12
196.19
194.12
195.46
192.05
199.23
195.86
194.73
192.06
199.29
207.88
205.94
203.07
197.75
208.07
211.73
215.04
205.93
209.43
210.65
207.72
210.11
211.98
210.58
210.97
214.38
214.01
210.73
211.64
209.1
211.61
209.04
202.1
200.36
198.23
195.43
191.86
195.03
194.17
196.98
194.67
196.43
197.8
189.87
188.95
193.32
196.48
196.23
196.97
199.91
200.59
204.19
204.44
205.88
199.92
200.51
205.96
207
206.63
204.45
201.99
203.25
202.98
201.46
194.34
194.03
190.81
188.75
189.31
188.5
196.35
192.4
197.37
202.48
203.94
205.2
204.92
198.76
189.86
188.05
190.56
191.29
190.02
190.81
190.47
189.27
190.25
190.01
186.02
184.9
180.86
185.35
185.38
186.15
182.37
183.82
185.5
184.48
184.02
185.02
184.55
181.87
175.16
173.72
172.16
172.56
171.14
172.93
170.31
166.55
165.18
165.3
168.21
170.05
169.45
167.41
169.4
169.06
169.22
166.33
164.6
164
159.59
166.78
168.42
165.31
162.83
164.72
165.51
163.91
165.11
165.55
166.43
163.39
162.79
160.03
160
160.1
159.99
157.82
156.74
151.51
152.91
151.75
147.52
146.88
142.27
142.34
138.52
136.36
137.22
135.4
138.61
140.02
142.83
142.43
141.97
142.44
139.86
136.22
134.01
137.37
139.48
135.88
135.58
136.35
136.09
136.97
139.95
140.25
142.72
143.85
144.67
143.74
140.95
139.49
139.35
135.81
135.07
133.05
130.78
122.5
124.18
125.87
127.45
126.65
122.42
122.95
119.49
124.42
129.57
129.19
129.06
132.5
132.71
132.07
127.24
125.83
125.14
123.9
124.73
123.9
125.4
121.51
121.76
120.5
123.42
121.45
117.64
118.31
120.22
119.57
116.32
115
118.45
115.99
112.71
108.69
105.12
104.49
106.85
109.87
106.49
106.5
107.66
101.59
101.62
101.52
99.66
95.42
95.93
96.35
92.68
88.63
83.11
85.3
88.84
91.17
88.37
87.94
89.31
89.19
91.16
90.25
86.95
91.2
90.64
94.37
94.53
99.16
99.27
96.82
97.83
102.51
99.72
96.46
93.55
92.98
91.51
90.13
93
94.2
90.73
89.64
88.36
88.36
82.83
78.2
82.33
83.38
85.33
87.71
88.66
90.58
92.7
91.01
93.02
94.58
90.75
85.35
86.29
86.61
85.81
85.04
86.38
85.74
90
89.43
89.16
95.43
94.75
98.27
95
98.21
100.06
99.72
94
91.41
95.9
92.47
88.93
92.67
95
90.8
92.95
82.58
80.49
86.29
89.91
88.14
90.24
96.44
90.12
94.77
95.88
98.24
99.1
103.3
110.99
106.96
107.59
111.04
104.55
99.91
92.09
96.38
98.23
96.87
91.49
98.44
97.4
101.89
97.95
104.08
110.26
96.8
88.74
89.79
89.16
98.14
97.07
100.1
109.12
113.66
105.26
128.24
131.93
128.71
126.84
131.05
140.91
134.09
127.83
139.88
140.36
148.94
152.65
151.61
151.68
157.92
160.18
161.22
166.96
166.19
169.53
173.74
174.67
173.64
172.55
176.79
174.29
175.84
173.53
175.39
175.74
179.32
179.3
176.73
173.56
169.55
163.57
164.19
160.64
153.23
156.66
158.95
159.88
157.08
154.4
162.12
159.03
166.26
162.02
166.29
165.15
171.81
172.81
169.64
173.88
172.58
176.63
174.25
179.55
175.16
170.12
168.18
174.68
167.44
170.09
168.26
177.39
173.25
173.16
175.27
180.9
178.75
181.43
176.84
172.37
173.26
180.81
185.64
181.61
185.64
189.43
185.19
185.37
186.1
188.75
186.69
187.01
186.43
181.17
177.05
178.19
185.9
183.6
187.62
189.73
186.26
189.96
188.16
183.45
185.06
182.59
186.66
184.73
180.94
180
173.95
175.05
172.24
169.73
168.94
162.89
160.2
168.16
161.04
154.49
153.7
148.38
147.78
147.14
154.55
151.44
152.84
155.89
153.08
151.61
147.49
149.53
143.5
143.01
140.25
145.06
140.98
139.53
133.27
129.67
132.82
126.73
126.61
127.94
126.03
127.35
119.69
122.25
120.93
124.49
124.62
121.73
125.02
129.91
122.96
119.15
119.74
119.46
121.54
123.82
122.18
124.63
127.46
129.4
124.86
129.45
125.48
121.24
122
129.36
131.65
133.75
135.36
132.18
131.54
130.01
130.01
135.6
139.07
155.64
161.36
160.89
159.64
169.04
178.78
172.69
178.02
179.4
171.25
177.64
180.05
194.93
194.84
198.08
199.83
198.57
198.95
198.8
193.91
187.21
183.12
182.98
184.4
190.39
191.83
190.86
188.54
194.21
194.3
189.95
185.5
179.81
178.86
182.22
184.29
180.22
174.81
172.54
171.54
168.46
168.85
163.95
166.39
164.3
166.11
169.96
153.76
165.37
175.47
186.3
191.79
186.18
187.87
187.44
189.95
187
185.09
184.7
182.78
185.93
186.16
174.36
170.42
173.5
172.75
169.58
166.98
167.25
162.23
166.79
167.86
167.91
161.45
156.24
157.92
158.45
156.34
153.47
154.5
152.77
153.18
148.28
144.15
140.31
140.77
140.92
138.41
138.81
137.2
136.85
135.49
136.71
131.77
135.01
136.76
144.16
138.48
136.25
134.08
126.82
132.25
135.3
131.07
132.51
127.57
122.22
122.06
117.05
119.9
124.03
127.79
125
126.39
134.01
135.03
135.25
131.85
136.49
135
131.76
141.43
143.85
146
137.26
134.89
143.7
143.75
140
138.12
138.91
138.1
137.73
134.07
132.39
132.35
130.33
132.3
132.75
127.17
121.26
122.04
120.56
121.89
119.65
122.34
123
123.9
121.55
123.66
125.09
120.5
118.75
117.5
120.38
120.19
124.49
124.07
123.64
122.67
121.33
118.4
121.19
118.77
114.35
113.62
110.69
112.89
113.54
111.98
110.02
109.44
107.34
107.52
109.36
108.74
107.34
106.88
105.06
103.92
100.81
100.4
100.39
99.47
99.8
99.92
98.84
95.35
93.24
93.51
90.97
90.27
90.4
90.35
91.43
90.24
92.19
92.59
94.25
93.65
94.68
94.27
94.5
93.65
92.91
93.75
93.24
95.46
95.85
93.52
93.96
93.87
91.48
91.13
89.59
89.57
90
88.4
89.87
87.97
88
87.72
88.19
86.32
85.41
87.06
84.61
83.93
88.51
89.07
89.51
89.2
85.9
84.83
85.21
85.3
84.7
84.88
83.27
86.18
86.15
84.15
83.94
84.75
84.74
85.73
85.55
85.94
85.38
86.25
86.7
85.7
86.79
88.5
89.07
94.95
97.1
94.62
95.8
97
92.57
85.47
85.05
85.66
83.8
84.84
80.87
81.52
81.51
82.2
82.9
84.76
86.31
85.47
87.72
88.55
89.05
86.14
88.75
88.26
87.04
89.83
91.27
91.12
91.32
91.66
91.8
91.81
89.54
91.63
90.31
88.6
86.47
85.85
85.61
84.05
85
84.35
83.12
83.34
82.45
80.51
79.71
78.29
78.98
79.16
81.08
80.42
80.41
82.19
81.68
81.05
81.46
79.95
78.99
74.53
74.29
75.4
75.02
75.26
73.23
73.81
74.63
74.22
74.83
75.38
74.08
74.86
76.98
77.01
76.41
77.61
75.75
73
74.65
75.26
73.77
73.89
74.1
74.17
74.2
72.63
72.5
72.52
72.8
70.03
71.48
68.38
67.85
66.96
66.48
66.98
68.75
67.81
67.31
67.62
66.56
67.91
67.59
67.98
66.45
63.94
63.65
64.07
63.59
64.78
67.21
68.3
69.59
68.16
67.18
67.96
65.59
63.4
63.87
61.93
61.42
60.72
60.5
54.1
52.9
52.37
50.67
52.25
52.96
55.65
55
55.4
55.77
57
57.95
57.27
58.97
56.02
57.43
58.99
58.83
59.58
57.86
57.47
57.2
57.56
59.38
57.61
58.33
57
59.24
60.76
58.56
59.72
60
61.66
62.17
59.77
61.22
63.55
64.33
63.34
63.15
63.38
64.51
63.18
65.26
64.98
67.79
67.7
68.15
70.6
71.03
71.89
71.89
71.13
71.14
71.62
69.6
70.39
69.36
68.15
66.17
65.75
67.04
67.63
65.65
66.22
64.81
66.47
66.71
67.99
68.67
69.79
71.24
67.21
61.17
62.65
62.72
62.75
62.33
58.71
59.51
59.96
60.16
61.67
61.81
63.99
64.66
64.31
66.23
67.32
65.68
63.19
63.93
65.66
66.31
65.48
67.72
69.61
69.1
68.49
70.99
71.46
71.75
71.32
69.08
70.29
70.57
69.22
67.64
64.71
67.31
64.95
68.81
67.6
67.3
71.85
72.1
75.42
75.51
75
72.03
72.33
74.2
76.04
77.67
76.09
79.04
82.49
84.71
85.59
84.29
83.9
80.86
76.05
76.3
74.38
74.97
74.75
71.89
71.45
73.57
74.23
73.35
74.02
73.5
72.11
71.38
71.11
72.18
72.01
74.98
74.91
74.33
74.08
73.95
74.05
71.82
72.63
71.6
67.82
68.1
69.66
69.34
67.11
66.52
64.96
64.56
64.52
64.95
62.28
61.45
61.54
61.18
60.11
59.9
60.23
61.15
61.85
59.95
57.5
57.59
54.47
55.41
57.03
56.1
56.79
55.66
56.14
54.94
52.21
53.44
54
53.74
49.25
51.59
50.37
51.3
51.7
52.78
53.75
54.44
53.61
52.34
51.08
53.44
53.84
53.2
51.9
52.11
53.19
52.64
51.21
49.87
49.61
50.82
51.4
51.31
49.78
48.68
48.8
46.22
46.26
46.89
46.57
45.84
45.74
46.06
45.77
45.74
45.87
45.83
46.3
47.15
46.25
47.68
46.1
44
43.38
43.82
42.65
42.99
42.71
43.22
43.19
42.75
42.65
43.8
43.99
43.63
43.81
44
43.29
43.63
43.19
41.49
41.55
40.75
38.35
38.24
38.1
38.25
37.63
37.39
37.98
36.5
36.81
36.37
37.31
37.1
37.76
38.89
38.55
37.86
37.61
38.31
37.98
37.13
36
35.9
35.81
37.65
36.92
36.54
37.92
38.24
40.04
40.3
39.76
40.56
40.74
39.78
39.7
39.76
37.55
37.55
35.84
35.36
35.55
34.77
34.13
35.61
36.42
36.97
37.24
36.68
37.15
36.21
36.43
36.06
35.54
35.95
36.19
36.98
35.5
37.18
35.51
37.09
35.62
35.35
37.26
41.04
42.66
41.92
43.74
43.56
42.33
41.89
41.09
40.89
41.67
42.8
41.75
42.53
42.5
42.55
42.83
43.7
42.96
42.25
41.18
40.96
40.32
40.27
39.83
39.35
40.53
42.75
42.81
41.79
44.12
44.5
44.86
44.49
44.47
44.12
42.65
43.4
43.9
45.06
44.21
42.31
40.6
39.18
39.37
40.45
39.47
39.42
38.9
39.81
38.76
38.45
36.99
36.32
36.12
36.03
35.38
35.24
35.23
34.94
35.33
35.1
34.9
32.73
32.28
34.48
34.62
32.28
32.25
31.97
31.65
32.2
32.4
32.22
32.09
31.58
32.01
31.88
31.84
31.36
32.49
33.3
32.63
32.65
32.46
32.58
32
31.64
31.44
32.89
31.34
32.6
33.9
33.53
34.22
32.28
32.03
30.64
30.67
27.58
27.69
27.45
27.47
27.62
27.75
27.65
27.38
27.02
27.19
27.36
27.23
27.66
26.75
26.23
26.2
26.09
25.15
23.99
23.77
23.7
23.97
23.74
23.71
23.88
22.75
22.49
19.88
19.15
19.3
19.53
19.81
20.32
19.68
19.4
19.33
19.38
19.34
19.02
18.76
18.65
18.64
18.46
19
18.85
18.57
18.17
17.6
17.75
17.8
17.93
17.85
18.17
17.88
17.61
17.83
17.93
17.25
17.06
17.17
17.33
16.52
15.98
15.54
15.4
15.35
15.87
15.44
15.39
15.42
15.19
15.51
15.76
15.15
14.89
15.69
15.9
15.65
15.79
16.17
16.32
16.14
16.22
15.63
15.35
15.84
15.81
16.1
15.98
16.1
16.47
14.79
14.61
14.57
15.02
15.07
15.19
15.48
15.54
16.15
16.27
16.25
16.25
16.85
16.59
16.85
16.5
16.17
16.45
16.41
16.37
15.35
15.06
15.37
15.1
15.18
14.9
14.39
14.2
14.46
14.03
14.03
14.09
14.26
14.2
13.67
13.56
13.35
13.23
13.53
13.32
13.53
13.6
13.65
13.57
13.14
13.34
13.29
13.32
13.07
13.03
12.89
13.39
13.23
13.47
13.56
13.85
13.89
13.86
13.86
14.18
14.59
14.65
13.32
13.47
14.02
13.77
13.65
13.91
14.16
13.75
13.56
13.52
13.96
13.95
13.52
13.44
12.75
12.65
12.93
12.93
12.84
13.1
12.91
13.23
13.78
13.57
13.84
13.55
13
13.37
12.58
11.96
11.9
12.01
11.96
11.52
11.4
11.18
11.1
11.2
11.23
11.63
11.58
11.5
11.86
11.9
11.49
11.34
11.35
11.21
10.9
11.13
11.16
11.28
11.34
11.26
11.53
11.51
11.28
11.09
11.31
11.36
11.36
11.43
12.1
12.06
11.86
11.5
11.68
11.3
11.05
11.09
10.64
10.69
10.64
10.57
10.39
10.2
9.9
9.93
9.85
10.02
9.94
10.06
10.09
10.44
10.6
10.19
10.23
10.52
10.43
10.57
10.52
10.77
10.85
10.45
10.36
10.34
10.57
10.14
10.19
10.21
10.2
10.56
10.73
11.21
11.16
10.77
10.95
11.25
11.56
11.52
11.45
11.57
11.44
11.55
11.85
11.86
11.3
11.3
11.49
11.38
11.59
11.61
11.38
11.62
12.41
12.27
12.18
11.84
11.73
11.53
11.61
11.15
10.85
10.28
10.4
10.36
10.65
10.35
10.22
10.66
11.22
11.04
11.29
11.44
11.06
11.18
11.1
11.55
11.28
11.09
11.19
11.37
11.25
11.41
11.48
11.43
11.31
11.1
10.74
10.52
10.43
10.44
10.84
10.51
10.16
10.17
9.85
9.98
10.09
9.85
9.83
9.82
9.97
9.81
10.19
10.6
10.36
10.54
10.14
10.36
10.49
10.77
10.26
10.4
10.4
10.31
10.43
10.45
9.94
9.81
9.95
9.93
9.79
9.94
10.2
9.94
9.56
9.64
9.55
9.53
9.36
9.65
9.55
9.39
9.53
9.6
9.57
9.56
9.1
9.14
8.71
8.89
8.73
8.59
8.4
8.57
8.82
8.8
8.65
8.73
8.98
9.05
9.14
9.44
9.16
9.12
8.93
8.9
9.05
9.4
9.36
9.27
9.34
9.28
9.15
9
8.82
8.75
8.05
7.22
7.18
7.11
7.03
6.93
6.68
6.72
6.79
6.76
6.57
6.56
6.62
6.7
6.79
6.6
7.18
7.09
7.22
7.24
7.2
7.23
7.3
7.08
7.07
7.28
7.24
7.2
7.28
7.18
7.5
7.45
7.47
7.5
7.51
7.39
7.36
7.11
7.11
7.18
7.26
7.28
7.31
7.28
7.32
7.51
7.43
7.25
7.51
7.37
7.5
7.39
7.43
7.64
7.34
7.27
7.2
7.18
7.18
7.07
7.22
7.22
7.3
7.33
7.18
7.16
7.47
7.29
7.07
6.9
7.09
6.94
7.01
7.05
7.31
7.22
7.3
7.32
7.36
7.34
7.28
7.43
7.45
7.45
7.4
7.16
7.03
7.03
7.2
7.18
7.24
7.07
7.1
7.28
7.54
7.43
7.39
7.59
7.74
7.64
7.38
7.47
7.32
7.49
7.58
7.59
7.75
7.86
7.7
7.99
8.01
8.18
7.76
7.64
7.82
7.97
8.15
7.8
7.82
7.58
7.92
8
8.61
8.45
8.44
8.18
8.03
7.99
7.72
7.8
7.71
7.34
7.44
7.35
7.28
7.17
7.05
7.28
7.58
7.39
7.26
7.05
6.8
6.84
6.89
7.01
7.15
7.09
7.26
7.25
7.36
7.35
7.47
7.32
7.43
7.43
7.29
7.51
7.4
7.25
7.09
7.07
7.14
7.16
7.18
7.19
7.09
7.24
7.03
7.38
7.35
7.35
7.43
7.76
7.86
7.99
8.06
7.95
7.99
7.91
7.8
7.59
7.3
7.49
7.5
7.65
7.51
7.37
6.99
7.22
7.4
7.63
7.72
7.51
7.17
7.18
7.6
7.24
7.46
7.48
7.49
7.82
8.93
9.11
8.76
9.15
8.66
8.77
9.01
9.37
8.77
8.47
8.53
8.86
8.53
8.27
8.57
8.64
8.43
8.56
8.56
10.07
10.27
10.05
9.77
10.05
10.23
10.74
10.7
11.08
11.36
11.39
11.45
11.65
12.1
11.99
11.99
12.07
12.59
12.16
11.73
12.37
12.51
12.6
12.64
12.81
11.97
11.66
12.1
12.19
11.23
11.32
11.76
11.85
11.99
12.14
11.98
11.51
12.06
11.89
12.12
12.27
12.49
12.7
13.06
12.87
12.5
12.53
12.43
12.33
12.05
12.28
12.37
12.45
11.88
12.03
12.23
11.84
11.73
11.73
11.68
12.05
12.14
12.46
12.43
12.37
12.48
12.22
12.24
12.36
12.53
12.33
12.19
12.03
11.77
12.15
11.73
10.85
10.98
11.84
11.9
11.37
10.75
11.56
11.31
11.95
12.3
12.51
12.35
12.49
12.02
12.15
12.34
12.73
12.68
12.2
12.36
12.05
11.53
11.64
11.62
11.6
11.51
10.91
11.09
11.24
10.39
10.85
10.57
10.52
10.61
10.82
11.31
11.45
11.85
11.79
11.65
10.95
11.22
11.03
10.74
10.68
10.5
10.34
10.81
10.51
10.31
10.19
10.5
10.74
10.89
11.27
11.27
11.39
11.88
11.2
10.52
10.65
10.21
10.27
10.5
10.69
9.92
9.84
9.77
10
9.48
9.73
9.81
9.69
9.38
9.35
9.35
9.8
9.78
9.53
9.28
9.3
8.78
8.8
8.81
9.34
9.6
9.48
9.07
9.51
9.15
9
8.49
9.01
8.99
9.01
8.87
8.41
8
8.1
8.07
7.94
7.49
7.53
7.77
7.76
7.76
7.57
7.77
8.23
7.86
7.84
8.51
8.14
8.49
8.69
8.64
8.86
9.27
9.12
9.27
8.91
8.91
9.2
9.46
9.28
8.9
9.1
8.96
9.06
9.03
9.32
9.22
9.36
9.55
9.51
9.52
9.45
9.62
9.56
9.75
9.91
9.53
9.4
9.47
9.48
9.3
9.23
9.55
9.77
9.99
9.98
10.4
12.55
11.98
12.43
12.18
11.27
10.57
11.35
11.02
11.6
11.92
11.95
11.62
11.77
11.67
11.88
11.99
11.13
11.24
10.84
10.1
10.16
10.22
9.94
10.23
10.15
10.02
10.66
10.83
10.36
10.47
10.33
10.44
9.98
9.89
10.73
11.38
11.6
11.61
11.75
11.78
11.77
11.77
12.05
11.59
11.65
11.43
11.5
11.99
12.28
12.48
12.88
12.48
13.3
12.97
12.74
13.1
12.35
12.36
12.02
12.12
12.52
12.86
11.4
10.2
10.72
11.21
10.9
11.02
10.27
10.3
10.44
9.75
10.12
10.8
11.03
11.27
11.09
11.44
10.89
11.5
10.81
10.06
9.85
10.28
9.81
9.85
10.22
9.78
9.31
10.12
10.4
10.62
10.75
10.19
9.62
9.38
9.12
9.69
9.75
9.4
9.4
9.44
9.15
9.5
10.03
9.75
9.56
9.85
9.56
10.38
10.38
10.56
10.1
10.31
10.56
10.81
10.88
10.85
9.78
9.97
10.25
10.25
9.62
9.75
9.35
8.4
8.56
8.6
9
8.28
8.6
8.28
8.19
8.53
8.19
7.44
7.44
7.41
7.41
7.34
7.5
7.03
7.19
7
7.12
7.03
7.22
7.5
7.69
7.59
7.53
7.16
7.16
8.5
8.35
8.53
8.25
8.78
9.02
9.35
9.65
9.25
9.4
9.47
9.25
9.5
9.94
10.12
9.69
9.53
10.1
10.03
10.65
10.72
11.12
11.15
10.25
9.78
9.65
9.28
9.25
9.25
9.44
10.19
9.75
9.47
10.06
10.06
10.75
11.03
10
9.81
10.44
10.88
11.1
11.03
11.81
11.15
12.12
12.88
26.75
24.47
25.72
26.75
26.09
28.34
30.52
29.97
30.33
27.61
28.43
29
28.88
29.22
29.44
31
29.22
31.22
31.72
30.47
29.75
29.59
29.03
28.41
28.06
27.16
25.84
25.25
25
25.72
24.25
23.34
23.53
23.84
23.78
23.75
23.38
23.97
23.69
24
23.62
24.66
25.41
24.16
26
25.03
25.03
24.34
26.78
27.57
26.34
28.62
29.16
28.84
28.25
29.44
28.47
28.57
27.22
25.91
25.82
26.66
26.19
25.62
27.22
25.88
27.07
25.84
26.88
27.82
25.31
24.16
22.8
23.09
22.61
23.62
22.8
23.94
23.7
24.14
23.22
22.83
23.14
22.28
21
21.89
21.59
21.82
21.92
21.45
22.49
23.5
25.19
25.34
26.42
25.25
26.91
25.7
24.83
26.36
27.53
28.28
27.67
28.76
29.47
31.08
31.01
31.69
30.33
32.08
30.12
29.72
30.28
31.72
30.97
27.97
28.45
27.31
29.86
31.25
32.94
31.3
32.6
31.83
33.33
33.95
31.44
33.99
34.78
34.89
34.67
35.33
36.05
33.74
30.75
31.25
30.39
29.06
28.56
30.33
31.44
30.56
30.5
30.72
31.42
32
30.5
32.58
28.66
28.31
27.59
28.8
29.06
28.45
27.81
28.72
28.53
29.75
28.95
27.19
28.38
28.16
28.72
28.51
27
25.83
24.7
25.06
25.94
25.41
27.5
27.55
28.06
26.56
27.83
28.38
26.64
25.99
25.11
24.19
21.8
23.19
24.44
24.88
23.75
26
25.62
27.99
25.7
25.08
25.17
24.55
24.83
25.88
24.99
25.62
24.5
25
24.58
24.25
23.72
24.75
25.75
26.31
27.51
29.45
29
28.75
27.55
25.76
24.47
23.64
23.76
23.67
23.2
22.66
23.11
22.41
22.56
22.8
22.36
22.66
23.06
22.86
22.41
24.09
22.08
20.91
20.38
20.06
19.41
20.03
19.47
19.09
18.76
18.62
18.49
19.03
18.78
17.12
18.31
18.64
18.3
16.01
16.92
16.67
16.39
16.59
16.8
16.99
16.14
15.43
15.83
14.77
14.91
15.33
16.24
15.83
17.58
17.31
19.76
19.24
19.2
18.84
19.45
18.75
19.36
18.89
18.62
19.09
18.38
17.64
17.16
16.31
15.52
16.19
15.53
15.35
15.1
15.19
14.8
14.69
15.03
15.08
15.12
15.02
15
14.92
13.85
13.61
13.53
13.69
13.45
13.81
13.94
13.92
13.47
13.6
13.42
12.73
13.33
13.1
13.52
13.22
13.61
13.27
13.31
13.98
13.42
13.62
13.91
13.62
12.47
11.85
11.58
11.33
11.58
11.35
10.64
10.55
10.58
10.92
11.35
11.62
11.78
11.6
11.98
11.52
11.36
11.61
12.03
12.11
11.92
12.23
12.03
11.86
11.64
11.2
11.02
10.88
11.02
10.38
10.48
10.98
10.62
11.3
11.31
11.1
11.1
11.55
11.62
11.19
11.31
11.47
11.12
11.75
11.62
12.39
11.5
10.75
11.02
11.44
10.23
9.8
9.1
8.6
8.52
8.47
8.86
8.94
8.88
8.66
9.06
9.19
9.22
9.28
9.5
9.27
9.02
8.98
8.97
8.85
8.31
8.45
8.42
8.25
8.77
8.38
8.88
8.52
8.88
8.52
8.3
8.05
8.14
8.53
8.6
8.3
8.36
8.55
8.66
8.44
8.7
9.23
9.36
9.61
9.61
9.3
9
9.25
9.58
9.42
9.91
9.58
9.3
9.44
9.08
9.47
10.05
9.8
10.23
10.3
10.22
10.03
10.12
9.85
9.69
9.7
10.14
10.22
10.33
10.35
11.62
11.53
11.47
11.25
11.25
10.44
10.83
10.31
10.23
10.02
10.2
10.22
9.81
9.95
9.5
8.77
8.8
8.36
8.2
8.39
8.12
8.44
8
8
8.02
8.44
8.19
8.42
9
8.53
7.99
8.77
8.78
8.98
9.06
8.83
8.94
8.86
8.7
9
8.92
8.5
8.39
8.78
9.16
9.52
9.55
9.67
9.45
9.41
9.28
9.11
9.2
8.81
9.36
8.88
9.19
9.28
9.02
9.38
9.17
9.16
9.35
9.69
9.36
8.78
7.7
7.99
8.14
8.05
8.77
8.92
9.53
9.88
9.77
9.69
9.62
9.58
9.25
9.23
9.19
9
9.33
9.55
9.3
9.41
9.53
9.35
9.56
8.78
8.66
8.89
8.53
7.8
8.55
9.38
10.1
10.2
10.3
10.75
10.16
10.25
10.64
10.48
10.12
9.86
10.02
9.75
9.48
9.12
9.22
9
8.55
8.78
8.66
9.12
8.78
8.41
8.61
8.67
8.73
8.75
8.91
9.06
9.22
9.38
8.61
8.36
8.48
8.02
7.92
8.14
7.62
7.59
7.25
7.49
7.17
7.17
7.05
7.14
7.06
6.95
6.84
6.76
6.83
7.03
7
6.88
7.03
6.95
7.01
7.06
6.81
6.72
6.7
6.58
6.72
6.56
6.66
6.86
6.69
6.67
6.97
7.22
7.39
7.34
7.12
7.39
7.51
7.61
7.53
7.74
7.61
7.55
7.58
7.42
7.26
7
6.84
6.75
6.74
6.94
6.99
6.92
6.88
7.25
7.25
6.99
7.16
6.86
6.74
6.61
6.41
6.25
6.38
6.56
6.76
6.83
6.88
6.88
6.86
6.74
6.64
6.79
7
6.53
6.59
6.69
6.74
6.59
6.67
6.78
6.75
6.53
6.01
5.69
6.11
6.01
6.11
5.78
5.69
5.91
5.88
5.58
5.33
5.31
5
5.11
5.14
4.91
4.88
4.84
4.75
4.86
4.8
4.62
4.58
4.56
4.58
4.42
4.58
4.62
4.8
4.78
4.86
4.88
4.81
4.73
4.76
4.7
4.8
4.94
4.88
4.56
4.55
4.55
4.38
4.74
3.97
4.06
3.28
3.3
3.28
3.33
3.28
3.23
3.33
3.42
3.45
3.48
3.58
3.48
3.53
3.64
3.69
3.81
3.89
3.95
3.91
3.94
3.97
4.44
4.44
4.38
4.34
4.41
4.55
4.62
4.56
4.51
4.62
4.61
4.5
4.41
4.59
4.67
4.94
4.75
4.59
4.49
4.34
4.26
4.12
4.38
4.53
4.19
4.14
4.44
4.64
4.76
4.67
5.03
5.38
5.95
5.67
5.67
5.67
5.44
5.38
5.45
5.49
5.53
5.49
5.38
5.42
5.51
5.33
5.28
5.38
5.44
5.7
5.49
5.58
5.45
5.49
5.38
5.51
5.59
5.74
5.45
5.38
5.55
5.62
5.62
5.59
5.44
5.5
5.67
5.56
5.76
5.91
6
6.16
6.11
5.91
5.81
5.75
5.91
5.51
6.14
6.7
7.3
6.58
4.94
4.94
4.8
4.38
4.34
4.12
4.11
4.06
3.95
4.03
4.14
4.04
4.34
4.38
4.11
3.98
3.91
3.8
3.31
3.42
3.44
3.45
3.42
3.27
3.3
