17.529884
12.121315
-1.168078
11.494208
15.337593
36.417763
30.787989
-16.888535
-29.962116
5.975789
5.427809
-7.214841
49.438884
5.810263
-1.113044
-6.716178
0.042475
50.376102
38.834295
13.874630
-19.201599
-35.448545
-2.452798
-3.970241
26.205787
-3.760999
9.562852
-1.530536
-21.270012
-25.595654
9.586627
7.840686
1.859805
10.054228
27.315735
10.769198
-1.307978
16.592832
22.765678
2.276306
14.141441
-6.203871
12.312448
-2.718970
13.621220
1.107115
41.416752
15.625387
-33.580794
9.440081
45.846314
17.641069
13.233415
-20.873185
8.565201
30.939550
-4.687186
0.741059
11.638960
52.524235
-30.790051
30.631065
15.957938
-40.441496
23.296361
6.876715
-21.435442
28.468642
2.465951
-0.854892
60.857503
14.246469
24.308466
-19.172014
22.967458
10.381099
4.447751
19.356256
14.786051
-9.329333
38.143591
-7.930209
49.389709
-2.801449
16.181808
-13.623305
-13.559110
38.662818
32.566982
-18.031785
1.887281
18.722306
1.765853
-4.400499
27.137441
11.937324
-53.201844
-27.380106
31.154435
23.396533
-29.298576
1.692237
23.352817
44.877023
53.971312
24.843970
-6.068360
45.689206
19.698281
-12.478651
19.809693
15.872680
20.359751
-8.034917
7.068807
12.337018
-25.209380
7.849657
21.545442
5.042878
1.317288
24.497218
-10.396320
14.707704
59.448155
17.977123
8.234460
16.750859
-8.315158
7.619366
-13.975124
29.782958
-1.337590
24.053380
-1.685796
8.429720
-7.094677
33.399758
15.411856
7.163047
19.924786
13.683527
-13.513148
-46.509931
7.495581
23.032975
15.313714
30.804041
-14.922855
37.740015
-16.456030
-7.388462
9.801675
15.855984
-13.351014
9.764098
30.959054
1.815080
21.659335
5.136702
-9.878469
41.867773
1.531999
24.610726
-7.894023
32.773056
11.042043
-34.114523
6.856199
5.424174
29.496239
26.604792
39.083874
60.068387
14.046039
16.508019
0.749427
-4.037562
-6.191838
-18.080092
-15.695475
23.464136
18.309488
9.713347
13.692880
14.792323
-6.675745
11.636701
6.373306
7.244806
-35.545814
-21.020439
-4.499232
6.462068
7.307317
3.779028
8.077145
-25.657782
11.995097
-0.524219
-19.043742
-11.202601
-0.154239
-3.217830
41.125233
-21.165526
16.073815
12.242061
7.740808
16.691361
5.763696
-7.706341
21.982281
15.996617
36.571694
21.016400
9.357372
-21.057766
26.061330
-8.319742
13.090102
31.499640
5.094842
-10.439700
-0.758488
13.476138
-6.881009
-31.793838
8.989009
15.405421
6.443330
-10.449201
7.263030
10.583882
1.128852
21.162875
9.827127
31.537513
-2.363625
25.815412
-8.637979
4.826349
-0.632679
11.992595
18.144795
10.322221
-33.515616
10.200075
4.303607
-7.401509
23.935050
46.086990
31.633023
-9.843148
12.508626
16.638935
33.807106
11.575833
-20.572875
34.360427
19.336186
4.578884
17.429907
32.722820
15.655025
16.228376
15.885250
31.365910
2.566022
2.089926
51.839047
6.196517
0.539331
42.376555
17.993363
22.256607
43.523598
30.916995
14.392128
-14.620487
42.911970
29.600340
30.807510
-16.752032
-3.415894
4.330933
30.975759
13.886633
-20.529953
4.057749
4.282357
-8.672820
-9.285611
13.513964
35.611931
10.572206
-14.041986
-0.404538
-0.584029
36.189994
-26.996578
-17.092924
-12.556071
-5.034304
-0.483585
-38.500657
30.571452
10.463665
6.765095
35.285860
-0.301498
-13.495689
29.807324
9.357018
-4.785655
17.523747
7.164078
18.616707
2.324556
-17.307458
-3.993460
16.651639
11.271384
-38.911064
-3.215298
-9.486887
31.604416
25.077686
4.920441
-2.680110
5.668024
-20.734104
12.756326
23.103534
6.171363
26.346124
17.985036
-2.870959
-10.878491
6.870328
15.862631
9.293996
19.057380
23.872145
61.290400
41.884416
-1.366856
41.815963
29.263537
15.075548
-31.078979
20.973160
10.250796
38.542362
14.679564
-12.213474
10.769721
2.392183
-19.335649
17.990044
-1.191091
41.523367
37.981122
36.738067
25.627817
35.567107
29.163226
-17.422721
-0.259153
-13.788145
18.125034
21.453685
-6.844732
26.102787
-7.430089
19.315516
-2.080335
-8.753124
36.849980
-9.894342
4.991705
29.667495
-27.720885
15.501083
-0.700163
1.348316
7.393983
-2.098228
12.385452
36.036397
-1.506851
2.601545
27.205499
-6.849160
28.007025
-3.715620
4.980042
15.952015
18.523717
11.198250
-2.088077
16.267762
22.035794
11.323425
21.930117
0.836335
28.615655
-4.807937
29.256043
25.870262
18.262238
14.217104
14.718025
19.188689
-12.214986
12.854750
-21.674148
1.149268
39.939944
50.437661
3.220192
29.387481
5.127183
-24.008521
34.389110
11.252306
-4.174808
-14.554216
30.596044
-9.331814
26.579990
29.272263
-17.305231
15.252817
-26.044647
25.334980
35.572918
-13.755010
16.232212
18.504256
36.029447
-3.000633
-5.664679
52.542905
8.031259
13.954496
0.192230
31.448728
-11.887711
-15.840816
12.046443
-28.109208
-6.139657
-7.259550
7.023917
3.733393
3.135660
1.327695
1.566311
-15.021950
28.467680
53.150808
9.659158
-24.529396
29.412727
11.868740
39.915006
11.656768
0.446116
15.466827
26.399324
-27.162466
17.060623
26.097862
-3.529449
5.000425
-0.874353
0.157114
15.530630
-2.422330
-42.735170
-9.599325
5.718903
21.499356
34.495282
37.947459
39.801868
-1.362873
24.654250
12.221523
25.750404
9.047476
-24.564198
10.712477
30.277678
9.299648
15.776600
-13.008772
8.339844
7.390530
20.874520
-15.107466
20.616843
4.513169
24.995007
-9.503908
-9.155905
7.417886
-1.477299
27.119609
17.102543
14.310690
-4.071977
26.612150
36.233463
-10.880223
7.261931
-3.640134
-23.532958
-24.455632
17.887916
-19.726656
29.122581
29.436093
39.319321
-33.511191
11.129402
12.300639
5.660084
-23.906345
44.916690
-32.584717
-6.924770
-16.626445
-3.412626
13.097335
47.109358
-10.545689
22.341001
27.389535
30.895946
-16.963960
-16.332928
-2.870644
16.009398
56.582232
-6.666173
30.638708
31.185167
22.427930
-19.360652
7.906384
44.730447
-1.216647
5.229716
-7.895406
12.444670
31.890337
31.107264
-10.422908
43.525939
-1.647883
31.202906
23.157092
9.624541
-26.220772
15.887124
30.761877
6.164077
-4.532485
11.738931
11.694582
-2.239734
-12.208487
-13.766911
-12.638942
10.288885
16.218616
-11.745730
18.551863
35.688163
15.640006
4.821106
2.357037
6.745951
8.243298
-6.766595
24.340536
-25.759348
-8.543674
8.814226
-1.174130
-7.750413
-53.836352
-21.435745
-13.031880
41.153608
-15.833829
-1.828340
21.929250
-0.988613
14.298025
38.124085
11.172805
20.107684
-12.615611
17.702646
2.970012
-14.151809
13.599661
14.868191
34.152849
33.923356
-1.521956
12.335203
-9.561185
6.528041
18.753873
23.732291
-7.704811
26.358060
37.658041
8.110777
31.988214
-9.036389
29.444092
-16.804557
-10.952956
18.108563
-4.628412
0.175017
-6.813737
14.479252
23.432561
2.123693
14.683272
-9.465178
39.925220
42.486510
20.566943
8.797250
23.607792
36.481909
3.970832
23.265673
35.830755
3.954508
-11.396368
-19.656823
1.961484
11.741032
25.610200
17.842123
35.497596
-18.255256
7.459483
5.281146
7.096945
-19.286122
4.599344
29.272939
20.254162
-4.057367
33.317222
50.033163
10.618897
-4.923126
-15.498292
11.397266
-8.525624
-17.825887
19.682278
14.382619
-9.462268
-11.009055
37.285557
39.545410
-1.169412
18.805667
32.469362
-31.823654
17.828769
-9.331465
6.646263
20.003966
12.709420
-15.864052
24.597860
-15.424182
3.319380
6.709481
22.619956
-10.546556
52.640585
1.348473
-6.634585
40.500303
23.401256
43.136163
7.698331
25.615780
6.143105
0.471917
29.979759
22.199531
-20.488875
8.233050
13.294480
-14.037656
-30.462859
38.925830
11.707305
29.619839
-5.915099
22.812389
41.676812
17.814088
11.785977
26.880896
31.514977
5.449714
9.332497
14.566387
26.786475
37.883073
20.283935
29.945921
-9.318501
16.451190
1.025866
-15.348057
-3.201864
42.282045
-5.240147
9.095546
-6.924669
34.460221
4.196839
-0.168918
1.680779
-12.446016
-16.694553
21.420414
23.917578
0.183079
9.434364
16.637435
-18.643389
41.540072
-9.518989
31.346564
17.329412
6.609189
-12.516980
10.850475
13.556517
21.059954
-26.386070
28.816633
0.966439
5.946045
9.592400
20.202332
23.946098
13.681609
16.236288
2.226473
40.877436
38.796511
8.234589
-3.671830
20.236671
-18.251757
-0.620722
38.837073
-1.544702
50.334786
27.452194
13.060026
46.236801
28.676120
-0.521002
27.651226
18.498960
12.750293
3.901606
24.501182
8.428513
19.198970
42.114891
4.957312
12.587797
39.065131
13.847505
-9.800023
-17.925351
48.361576
9.421962
-13.027372
-19.668999
-16.862798
0.738594
62.427374
-6.326933
-1.394550
19.391242
14.502021
15.308037
1.404589
7.249518
-24.345201
-2.931509
-24.937270
25.529654
9.871923
-3.165114
-18.562928
-4.359273
-6.560089
0.505784
16.904866
-17.821927
34.690061
-14.920277
22.277917
-14.183585
-10.631987
2.172979
-1.775676
15.359489
-47.305782
16.316518
14.787281
-1.081153
13.651783
12.819289
16.236274
15.389511
20.081622
26.554466
24.563690
-17.741825
25.263099
21.605647
20.135611
16.170841
15.816857
25.398187
41.291666
15.792604
11.179654
22.493272
-0.520864
5.918994
-15.595716
-2.554806
-5.988168
-12.509807
-5.701860
-5.385155
15.510588
-35.331581
36.934245
10.762980
8.887085
12.067569
2.233715
-5.821535
-29.209411
5.592368
-19.962047
22.269453
67.162429
29.869611
-28.768803
27.431624
7.247680
21.143225
10.363560
-22.089976
-1.757579
31.599231
-43.379734
-13.874192
22.138422
9.460636
32.236977
2.910077
23.660430
28.240897
30.866731
14.191275
2.600621
27.107612
12.874814
-40.947754
23.137526
2.772030
17.257659
33.598305
25.913457
-14.179436
-5.621847
-14.401637
1.433637
0.640207
12.643533
6.391658
11.611895
20.697478
-1.001672
8.596196
16.103946
23.915795
8.970625
-31.222403
16.723659
8.785874
-0.284483
9.920378
-25.126232
3.319898
34.088556
16.076159
-5.859736
-11.074264
10.681486
-20.702375
-5.901505
19.316294
0.288215
27.124698
25.363160
-5.235609
4.039666
25.438839
31.396233
-16.432380
4.744513
-8.237491
2.270224
13.741389
-6.855958
16.140502
-3.319099
33.111710
18.572721
27.796198
27.733164
18.358940
-1.887915
2.556966
-2.142945
11.702530
17.580037
-7.336947
-3.901572
23.440751
29.901612
-1.502873
49.087034
3.091525
2.279399
5.601722
-9.856423
24.769468
15.932288
30.112705
9.940550
0.855796
-10.238526
9.526618
15.397488
25.986179
13.962128
53.181305
-36.145667
33.865640
7.914660
8.991781
38.791552
6.180237
1.227346
26.322963
48.765952
31.733269
-16.243413
13.355244
-25.901323
29.592290
4.192131
16.194668
6.961358
25.160694
28.509086
9.451838
23.638417
-24.886340
4.471206
10.654612
-13.293471
-16.616555
31.958194
10.727103
5.434400
-10.953829
37.389807
-22.578776
-25.835568
28.219287
-11.770545
-5.719904
33.338416
-9.839179
25.852972
-3.329019
26.920944
26.163768
7.104827
23.766680
4.924642
37.277215
7.238246
8.451680
39.710812
32.235320
6.310213
1.339860
-34.981021
10.262999
13.040279
-4.536678
-6.235660
-16.900936
5.337919
10.570259
33.286551
20.716017
10.453657
16.508801
6.430501
1.661673
23.466978
8.027071
-26.508414
12.076316
-1.460190
28.291776
8.508118
12.858573
-28.994269
27.066480
-10.222900
1.204605
7.643889
8.656490
-0.833343
3.932509
-13.074630
29.813769
19.786170
11.002133
8.840414
5.019705
-11.987883
27.653905
6.852251
23.195820
24.038288
-9.084779
-18.816809
-3.557091
-8.799375
12.128733
-2.975129
12.841646
54.966707
41.638601
-14.279285
-7.548715
2.133349
10.073929
6.000999
16.334853
-16.127231
9.423442
-32.757315
-15.490508
17.493197
40.735905
-12.456097
-2.717962
28.154432
-6.298038
7.685231
8.916127
15.562596
18.938007
65.840961
53.962846
15.193695
-14.350004
8.897202
0.826327
5.285784
20.368534
36.469907
-0.006413
42.871432
54.809631
9.519121
-9.426022
28.889239
24.399947
-12.604662
-15.792511
-9.044853
13.325660
10.972330
8.460795
14.709727
5.744897
-31.096318
24.277282
0.089246
7.036487
9.237050
27.074070
-6.849994
-21.059979
-2.223072
49.379716
31.706234
0.179408
15.520509
35.921459
-28.109725
-6.053536
-4.324850
-22.023864
-36.600909
12.730620
-6.050095
33.154190
32.692609
19.422295
-1.788781
9.102092
-6.457356
-1.444013
-28.982581
51.714098
-11.638225
-11.412509
2.190766
24.073271
17.654885
-17.195431
-20.576589
7.602534
-22.184346
-6.470175
39.196412
26.108295
44.608512
23.856409
21.625192
-36.182196
6.128944
28.219443
26.487432
-40.285041
-3.261433
-21.312378
-16.943698
15.577301
46.423764
32.369041
1.420207
27.160154
7.232558
-3.235410
-22.321858
19.239777
-16.114046
7.932307
10.905771
1.799072
-6.876346
4.872177
34.185476
-25.932673
-14.784817
0.270308
-3.040216
-15.715775
35.737456
2.299745
-12.361089
34.105230
-30.073125
20.712577
53.969737
38.065109
6.274274
9.912906
30.329127
2.520386
34.703330
0.708443
4.642060
-3.855295
39.211392
-6.627598
44.254060
6.608708
18.805349
23.192812
22.235052
-17.674286
15.288834
45.292750
16.345787
0.591303
-3.011508
6.697697
-18.097217
40.437741
20.179445
8.587955
-13.412232
19.509864
-3.780325
37.667290
51.313885
37.191822
21.697262
-8.688582
3.601653
-23.006168
-1.440293
35.797841
-13.382823
18.015029
-12.974420
5.878331
19.297847
-22.724428
-10.500947
2.826405
27.708414
7.275232
2.761234
-24.135622
24.507158
2.101127
11.227072
12.560224
1.352666
13.152554
14.569680
25.665198
16.203196
20.295043
-8.535838
16.444786
7.858300
-2.635279
19.445266
41.240339
-42.992725
1.858413
25.103764
1.063405
-12.053979
8.350090
20.010813
43.616822
30.963643
7.680239
41.362949
5.588479
27.370269
16.807848
2.603976
37.754637
22.683052
18.756651
-7.055397
0.069215
-5.213939
-7.754698
-6.487695
28.599584
-18.628349
27.878334
10.521930
16.230667
8.345258
-21.304422
27.937215
43.320160
15.466506
-3.820709
17.137315
19.262008
-31.933744
-26.163751
-23.393805
18.458211
3.209232
22.753219
0.197196
4.624336
-12.096016
20.874305
29.336430
-13.405914
-2.726599
36.814334
63.490082
4.932577
-13.388801
1.527350
-9.241689
31.100138
6.463757
0.702296
-36.323392
34.912386
22.575804
-15.739269
2.858881
25.547327
4.003395
-26.369382
-33.896741
9.326191
0.512029
0.650172
21.489385
-47.018324
-14.813685
17.860169
34.409622
12.655336
20.546100
8.366470
27.750027
2.682671
53.501096
11.140166
13.160745
22.018116
6.102865
26.107340
31.661049
-12.062836
-4.860921
40.002364
-5.448774
-3.472049
23.245966
10.276331
-26.824599
6.128261
6.114239
-2.196866
33.240718
35.721237
42.428196
21.042661
15.023999
-24.783686
-0.784626
-21.241562
19.094355
40.382548
8.980817
4.500784
-9.037627
12.590479
4.533460
1.894735
6.695233
-1.652357
0.516795
-21.947153
-14.272718
-12.878469
-10.757285
28.120665
15.910852
-23.688488
62.441017
-2.739228
48.074150
-29.704907
-28.042558
71.078259
-27.502885
-18.058601
12.167551
-21.852841
3.009206
-12.898106
53.637805
-4.497606
45.075197
23.654749
-7.377013
9.113301
26.638969
33.775524
23.496879
-15.291177
24.561195
36.898158
22.890986
7.412743
0.838677
28.792196
15.610526
16.243874
42.234735
-16.334597
20.378930
25.230558
-8.323202
14.366701
5.934269
24.771194
18.831208
15.027001
3.710429
41.145708
33.776738
2.647714
15.105310
20.498208
13.809416
-12.735497
30.841195
0.656753
9.911014
-5.377652
30.004528
44.953480
3.295585
23.327013
15.555755
-0.331649
-7.487599
-2.593814
9.439346
6.942295
19.393445
20.234788
8.466332
12.798272
3.452213
-14.194339
-21.546681
29.956510
16.939977
18.606256
66.501231
14.055211
-9.912773
15.049209
-34.081821
14.294467
-23.248836
36.951322
19.401055
-2.211970
-19.717646
-15.058029
-26.767318
2.371248
25.305235
26.841246
-5.456370
6.789902
16.793724
-32.603627
-7.607678
12.834267
-7.747125
12.122916
2.723050
18.692847
-5.394523
-12.289918
-7.597819
5.343089
-9.723708
34.684257
5.630159
5.724353
0.467574
5.909512
21.458165
5.191297
23.770717
-8.361928
16.423748
7.602068
12.503409
8.675384
9.623656
-13.525987
13.711150
-5.736866
18.945016
24.299690
-2.928623
-8.035332
-16.639037
7.788820
29.427302
16.782466
-23.704601
-9.670865
26.856026
34.310932
-14.704939
21.273880
7.416317
-1.709697
36.038470
40.763067
15.325259
46.571308
-30.973963
13.302989
4.103189
47.350202
5.311504
50.109433
50.611314
13.044822
-7.377830
20.585548
-24.572354
-23.647821
38.666501
13.939828
9.460001
-19.428578
0.178321
5.838994
9.570504
46.735389
-12.115108
52.486026
18.867448
2.994971
0.401567
2.866710
28.794906
23.972903
29.718771
21.812136
-7.060828
12.873246
49.569728
-14.571724
0.313733
-27.394591
-21.389507
-1.718663
19.387402
-10.948688
14.246798
14.530118
6.210000
18.160502
69.698601
15.671661
18.638110
33.453506
-8.382650
18.929525
7.478982
-3.706681
22.020960
21.231263
3.502482
-11.041524
-20.093619
-7.099030
3.933409
9.561106
-42.662494
12.424374
15.294020
32.425971
19.635145
33.047705
-26.138327
19.472138
27.291784
9.431424
17.136711
18.440333
-11.443321
11.938946
12.929248
43.733957
18.072835
29.581309
4.084871
6.968378
18.317093
39.345226
-17.492605
-5.240036
10.944650
-0.334381
19.912477
23.947599
41.888374
17.091558
-16.680661
6.433510
46.852292
0.155225
45.695357
10.004482
1.664746
-14.826949
13.602047
12.446371
-16.319734
20.084153
9.294248
50.910905
12.766670
33.147840
62.774179
4.243878
32.425206
-22.024749
-29.155213
3.393665
14.819809
23.974534
28.299754
-20.387175
23.339359
47.815840
39.222486
6.538070
42.835039
29.491674
-1.337822
7.454356
-17.897441
9.281994
-4.650196
23.161387
18.800690
28.238799
-5.021651
-9.834061
6.443297
22.758975
11.669723
28.708191
30.009944
22.439699
9.117469
16.166137
-9.449983
12.268748
15.375544
6.982433
-11.903550
27.572712
-1.969946
2.668454
31.003313
34.892559
12.088807
5.306329
27.481884
15.298652
5.649578
29.391741
3.527964
14.494950
-12.485659
-29.305511
-17.887339
20.770777
-0.902804
32.788732
-14.850259
-20.431768
10.824407
35.531579
19.592643
32.678398
8.512369
-29.670015
-9.062073
-26.305742
-8.459281
10.884395
-0.533986
34.497843
-4.907972
-16.158545
-10.013141
6.230718
17.752043
49.730971
23.233393
-6.989275
29.525122
-1.532952
-2.422946
-43.853303
-16.922387
39.044875
21.871920
17.974171
20.098494
17.844427
-1.179301
-16.972703
-11.027914
31.266167
4.695335
14.706951
31.732010
-20.624533
-11.377378
9.955279
-13.687803
-4.970535
19.285927
-3.725614
24.628644
1.843010
67.877858
27.839437
18.807895
-10.160519
-0.291505
11.973274
35.184072
23.284094
14.053661
8.686895
5.552168
14.888177
-15.878393
-0.169121
-17.039705
23.973619
35.257604
26.018420
7.138671
-6.532197
67.669574
11.021952
-5.003652
44.738592
49.930733
21.301020
2.919510
19.233419
51.036470
-15.995086
-21.470253
5.875529
-0.665127
31.621787
21.736059
15.952645
62.573843
38.923500
-3.521340
-9.398246
43.878960
-24.971604
-22.815829
29.021390
20.520451
13.528701
-16.815582
13.383459
47.855498
37.378068
-2.545137
-2.864281
-5.538102
-28.417248
-16.097218
26.367370
13.647174
21.384278
-7.041940
44.150632
4.444668
5.234436
8.237419
-31.769380
-1.438409
27.686993
-0.217883
5.258965
20.072565
39.149687
-12.607699
14.799874
7.916464
14.538508
34.960055
-17.029821
30.198103
45.907979
22.578761
-2.499328
37.149749
5.705988
-2.806838
31.678442
48.064957
10.968414
-8.167704
33.876445
-34.988883
12.499774
-16.990168
13.238271
4.704156
38.027094
9.403339
6.642487
32.865913
-15.194441
45.552060
24.463501
-6.321196
52.620944
39.945163
40.163490
-17.752865
31.984010
-8.266230
-13.364567
23.994606
-19.600883
22.652206
0.734463
36.168198
1.416624
21.836872
2.521623
-8.531148
17.694041
17.207248
31.738754
1.875876
27.257010
-13.262882
33.765150
27.710460
18.376894
36.805857
14.194495
10.424472
-0.415875
0.689660
29.984445
23.653255
-18.633202
15.651221
12.655093
11.413418
1.633589
36.086954
-1.230510
15.484609
-17.146742
8.419755
33.158088
49.012804
0.519174
-23.205126
11.089974
10.796117
22.148044
40.413153
5.902309
51.736457
33.055191
-21.251025
-6.670765
1.624302
22.028428
-27.950977
-4.103869
38.660402
22.892940
14.488374
25.545587
19.129334
-20.985539
8.649481
-6.507658
28.202422
0.550288
-12.900627
-21.005570
10.590802
-9.278356
-30.483008
16.659760
-20.606783
34.464189
8.498886
-13.170700
18.760667
20.716322
-1.521903
15.053105
10.083781
-2.517551
-33.011003
-9.016661
25.209766
11.057332
15.373164
-15.082297
35.688252
46.791984
2.228110
43.801042
-8.817882
13.824854
-5.539249
15.465013
-9.456978
25.356838
0.931117
33.180336
23.405262
2.701463
9.132386
10.751595
-8.501994
4.438378
-8.116832
49.234433
-19.346159
25.816022
38.945160
11.853024
23.652909
51.990918
10.407486
59.916550
12.303697
-3.960484
15.778182
16.963333
50.611626
21.792800
-0.252267
-17.345066
-8.606233
0.365590
19.258387
6.893571
50.280165
35.730025
0.881958
10.013967
-12.108466
11.623170
0.937273
19.439029
10.072941
-15.201517
21.994143
31.216376
-17.142759
-18.664846
-4.501398
1.951090
23.174410
29.344682
4.213939
-4.962863
8.300228
14.024294
-2.148481
-39.893105
32.583329
40.807357
14.308596
26.795913
16.849363
-0.918436
29.936006
18.834139
0.616369
10.870215
5.819436
-12.257599
10.133107
20.504321
12.404234
17.246792
3.238920
16.379013
-18.451101
32.702491
-17.853581
-24.017869
31.089283
37.220298
17.885897
18.619526
2.801099
21.712067
-3.037663
-3.929982
41.486666
25.072259
-0.257542
-13.534503
10.976325
37.293638
33.683370
24.250932
-5.652347
-14.994371
-3.403625
15.611392
1.933569
39.567281
-8.842834
1.434742
4.051616
37.239504
43.886591
6.616954
21.348397
35.523841
-14.483514
46.700898
1.376222
35.105423
-9.036894
-6.314513
42.493446
15.932818
7.724662
15.307218
-18.658553
-7.939140
-20.318971
32.699335
-27.419238
37.731448
56.489948
7.587151
-6.986893
3.823257
-3.991126
8.849286
19.846842
40.667914
8.602627
31.762394
23.056120
-12.270491
16.414294
12.500107
-17.246488
1.736139
24.988581
-25.727078
-31.376717
15.209270
70.572035
-14.573658
27.402752
44.834415
18.112195
3.282681
4.135803
-19.315799
19.858483
6.875683
12.822820
-5.812241
-5.569737
27.223518
58.515209
-0.896180
-5.259295
28.300902
51.609165
-7.876351
13.783925
63.173808
26.778796
37.060583
-4.807172
-37.326726
48.707380
-7.082228
30.012748
40.684396
28.876638
-17.513205
-1.034761
-8.239057
-16.653576
9.880391
-1.376418
9.938215
-6.443159
30.059886
-7.269564
9.422550
6.389283
12.297799
14.408816
31.827178
4.966982
-5.363571
-6.374692
3.038573
5.612651
38.500513
27.177235
-0.642018
-22.986034
17.848483
-6.325839
10.365315
6.823642
12.566320
5.130142
-27.165075
-4.732649
14.501899
7.609437
-7.619006
40.376119
11.854656
27.333490
13.952943
26.703529
48.346086
3.717815
26.266842
-2.649337
5.993796
11.120588
17.970213
13.548066
-16.668799
35.703593
-6.587733
-2.518644
28.869247
4.030475
25.307581
11.808705
7.729450
10.552684
7.810815
21.654919
27.147900
-16.360094
40.520489
35.887991
-5.886692
-9.936173
12.265933
32.050657
2.778177
41.095129
-30.138103
10.960990
13.045093
-49.847234
-17.567922
-21.219922
21.529281
3.198492
-9.960787
-9.970535
12.379208
-1.916629
26.236530
27.971934
16.821082
35.947227
42.797281
20.703546
30.913427
-15.193918
9.652184
-16.138341
-1.051191
33.867701
5.981153
19.267801
26.673601
11.047229
21.439568
-3.762428
2.513124
-2.084620
-0.325343
26.525600
-18.335932
32.654280
28.231269
-35.094525
56.228138
-3.927463
38.380732
30.088822
-44.913213
24.011366
17.451522
-9.376502
-1.432548
9.373923
14.363353
-4.212590
15.806631
17.691492
-9.078295
14.029063
-26.133840
36.095625
12.158550
59.490232
13.878389
36.859105
27.312635
7.580946
51.228609
-5.529910
18.230349
34.420626
6.028542
54.956101
41.132804
-5.974888
-16.412677
30.266053
-10.501799
23.922025
16.104759
14.409013
-3.164381
36.637232
20.842514
22.362334
4.347513
28.611559
7.889007
12.092796
14.864902
-28.336844
-1.127081
-2.367480
35.669290
13.615766
21.922419
-4.504596
16.727389
10.949870
16.264735
14.466570
2.584802
17.310739
37.763719
68.079343
-20.279530
9.927262
28.031941
23.894379
-15.871034
16.857438
22.598587
19.019133
25.843576
-20.737653
9.441187
-5.608619
46.688468
-3.461674
24.197784
-40.055844
28.374549
31.772252
41.588503
-8.505814
23.493774
-8.139458
37.565503
9.931683
-3.055722
20.285947
11.094582
12.599441
5.306815
-13.600652
26.193737
-19.337371
-16.455353
4.193034
-13.440155
20.116793
20.910671
45.832217
15.283750
29.480388
28.032826
5.756286
-7.893448
-5.986460
5.371530
28.486869
-24.473196
29.691065
2.258414
4.272060
30.588214
17.131486
23.631322
23.967379
-7.792403
4.491950
2.078099
33.137119
14.950037
-4.527516
36.518099
42.541178
-6.818997
1.825775
-9.139156
12.500929
-4.755234
13.627895
34.858075
12.625074
17.873550
4.970179
-4.819370
24.384509
9.831695
6.152780
-1.037235
1.433147
-6.595593
-9.664863
-7.310625
19.438416
34.895851
39.892580
31.073937
8.323328
46.481167
7.877477
-5.195811
-11.094097
16.944627
18.436591
11.207845
23.106061
28.480350
-20.258849
16.474408
12.132708
-5.552129
12.167567
10.690914
23.309548
36.639940
7.014141
-3.335282
16.423411
30.339469
20.813815
24.771113
30.111079
-15.378887
44.209402
-1.920756
7.344560
-9.637265
-5.899966
11.206049
42.900458
54.497595
34.846291
-14.276446
31.279463
20.402233
7.778243
-20.936151
39.936375
1.520978
14.263670
25.940730
-2.294847
11.490231
7.396894
6.764085
-15.986783
-6.849332
-11.194578
-3.401285
-8.603682
-25.598456
-39.966658
12.346418
1.516416
54.573901
-5.601058
53.974803
-8.658139
-0.368123
-1.977889
-22.634277
-35.817910
6.107647
7.520700
17.927666
-6.124561
-2.096267
35.395735
3.249934
19.710493
-19.770495
-20.951539
9.334682
7.812697
14.094867
-18.617600
8.217377
26.337773
-8.937129
30.128388
4.439140
-6.958564
30.722912
15.588673
4.491454
19.506832
50.689165
27.824609
-19.352692
-15.299446
-13.149778
-13.541164
-2.677599
17.544842
39.694194
-32.067086
-4.999555
-25.515999
-0.898356
17.274862
3.748867
10.265529
19.037090
-13.191254
54.587866
12.177609
17.384145
-16.624156
-13.050929
12.513810
-9.212177
19.833616
-5.575902
17.439140
60.855004
5.796104
-23.565143
15.249608
43.089499
30.241224
-21.149513
34.966339
-1.071636
-1.714224
20.075381
23.431031
-0.145420
33.183652
20.023155
8.939748
37.655704
23.727066
-8.013441
31.011111
28.369323
17.424418
8.242961
0.328316
48.391611
16.966616
15.796689
21.058487
22.260672
25.265507
-7.604844
16.424199
13.268608
-18.739998
12.780720
-1.029673
5.483161
-17.927780
14.823297
-21.477422
13.445819
0.260842
14.464284
27.808353
-1.834782
46.323034
-21.235919
14.687476
-19.172455
-5.906966
25.904485
-10.684133
26.555956
5.176649
32.636432
1.482009
-41.879189
4.372078
-4.003783
4.938407
9.025278
10.615297
33.486663
29.789470
0.741925
43.725184
-15.484338
-0.168955
-11.790276
24.422106
26.495884
12.219413
41.065501
7.166303
-1.146852
1.100001
6.899785
0.155971
20.981720
55.550645
-4.210892
7.066629
-3.654292
-17.932576
26.262737
-10.718876
8.858205
23.683799
10.955402
-12.819674
13.294388
-13.883082
-27.541323
7.717350
49.181100
17.895671
44.686506
5.330468
21.190860
60.207893
21.956737
4.533208
-14.877236
7.892632
-19.232302
-7.942361
20.129587
7.986550
7.350841
3.820387
31.896182
17.627921
6.358593
32.094808
1.563728
35.984758
-12.425352
-1.334069
25.640862
-8.775302
7.194139
19.346908
33.612903
-2.174955
-10.563335
16.567331
-17.726280
28.101443
14.965516
-16.327142
2.927816
46.654324
10.497949
31.383353
29.558196
-9.153819
10.043631
-24.453692
9.681702
7.051145
27.778895
4.696896
35.858731
-3.388626
3.650884
-4.958769
32.860487
36.687044
21.227770
-18.890076
28.718193
1.084590
8.834811
-16.606486
-3.781464
21.694738
38.720265
-0.172975
22.255728
35.825751
0.957281
27.160637
43.687189
11.386431
29.947304
1.754113
-13.616215
-15.289841
11.044552
1.996166
9.152918
16.799174
-11.567602
21.242057
11.830884
3.823386
-6.227400
11.196554
-0.074843
50.209332
58.869555
-1.029762
-3.102060
-5.536445
18.698738
5.060504
23.076775
60.920125
-14.470980
31.072086
-13.003742
36.084897
33.426411
2.722860
30.395008
14.988580
2.283596
-11.114137
57.502665
-8.434227
1.674944
-15.873542
57.171134
11.745259
24.593076
20.956394
2.845466
-4.543450
38.740136
5.893547
-2.565759
7.511793
-8.243061
6.146644
-6.410194
6.831399
-0.748995
-4.297532
-5.358862
5.290102
50.346283
22.890560
4.706703
20.302347
7.699282
48.846916
-16.898408
-1.400355
14.279897
10.308053
2.733359
54.100232
24.062925
0.135055
5.254629
66.777252
-30.658382
-4.916311
-25.900447
-2.558686
-15.288214
37.478058
42.166396
6.802487
22.013168
2.620013
6.044345
17.587892
-4.014434
-5.453025
18.574380
69.952348
-13.386263
-16.644063
8.411091
25.685081
-13.000659
8.133423
-4.733730
8.670577
9.988231
9.643471
-5.151788
-1.772576
10.277102
7.770818
14.447211
-7.590125
25.640955
9.390410
22.739942
38.210395
-35.124674
-5.564453
44.525177
46.931098
-4.866479
-14.383820
31.318262
-8.071130
-0.765806
9.191353
-1.681980
11.311887
-3.061741
10.708826
-29.234953
3.405510
13.145558
34.756989
-25.903604
29.070310
21.733192
-5.415245
-2.229710
24.431294
-1.693377
10.919895
31.585631
20.450242
43.835802
7.084098
32.107530
23.362578
-1.649226
1.291771
33.522571
4.437501
25.899608
1.197200
16.379618
24.369958
-0.506454
17.372469
12.633799
-6.211994
-1.569687
-39.387542
46.454425
36.348518
32.734600
15.547330
13.717341
-3.007871
17.996467
21.519618
-7.512848
-18.675310
6.819826
42.912310
-18.330261
3.247907
18.258080
-5.443699
-3.609146
36.293380
-13.733091
-5.448285
-16.054090
22.013315
13.100466
38.746323
-32.989168
-15.283082
-1.730949
27.766889
-2.448911
21.275690
11.502879
1.194182
-6.815520
9.208084
29.416126
19.253771
12.539237
33.269124
-5.483062
26.764960
5.632636
-11.922307
-11.603556
-19.020386
49.721634
9.666351
17.292635
16.320911
11.188194
14.215509
40.791492
3.937560
10.834212
24.971748
-22.786845
40.272105
12.182973
20.026710
31.656117
-36.972764
19.565778
6.789286
20.264915
45.638842
38.487346
24.130474
48.726230
-4.553683
-4.673551
-22.889561
-5.480887
14.580626
6.166269
18.083911
9.687405
32.337058
52.437373
-12.357491
-0.481614
-35.346918
6.428034
3.382686
-2.098821
9.775091
11.852010
-2.680422
-7.538978
-22.166284
14.866338
15.563668
1.024025
5.294400
32.572700
37.807741
2.612085
-6.507843
15.400529
-14.438260
-18.276381
-37.543315
40.378969
8.704905
-2.313359
36.631073
6.933896
-0.338514
-18.193754
8.908625
26.906988
30.198400
-10.571007
-6.428591
-14.008755
-23.510600
16.558309
33.897816
16.752094
29.348522
4.719355
19.555808
12.418735
28.166997
33.028504
-19.979927
-33.948485
8.376738
32.361661
16.341856
-7.088822
22.062599
7.005721
22.010025
32.471443
-21.848776
11.300669
8.862481
11.693721
-12.135476
19.960109
17.039027
10.309867
-7.492555
9.874641
-0.821254
0.314524
9.276478
21.471191
34.667226
-44.362516
16.387757
1.438246
28.479302
41.579086
6.919124
6.957269
-35.887845
10.491538
3.456669
3.751177
49.999859
-7.432738
-22.973074
16.151372
6.390378
5.220448
34.490813
21.152944
11.840349
14.828860
-20.056221
11.421407
-7.691048
7.850042
12.849495
-37.932897
28.285110
-7.102786
-3.010885
19.508804
8.237144
-1.590810
16.168927
6.241548
13.342422
41.348324
-11.336126
16.243304
31.235157
-22.913039
-12.761113
27.241718
22.947534
28.762814
22.233521
30.621990
-2.358311
39.485633
8.518253
14.873238
-7.449802
2.570528
14.665572
9.608026
-8.211805
52.037917
-2.356506
25.560733
-18.717434
38.708196
-15.295137
38.713262
-3.862647
4.339995
34.790153
9.187566
14.867076
28.299137
26.895861
11.127765
31.266606
20.757490
1.264722
-4.063137
16.010362
21.657625
-5.065206
21.021180
13.854087
16.911594
33.740566
8.442808
-6.067099
8.478484
-2.917632
8.249598
0.516679
1.154180
14.618901
-1.910899
13.415353
15.566004
12.865993
-4.646736
50.641969
30.316491
-2.962712
4.645462
-3.646986
-14.070265
-9.587525
-23.715635
-9.524868
26.508883
-18.998553
-1.462477
26.327387
-20.827902
2.373361
6.307252
23.791206
25.177110
31.604756
3.764531
9.759410
43.735738
37.648123
-3.001455
6.004148
3.566783
-19.859875
15.370494
23.027210
2.665597
45.133211
7.156400
37.023861
-6.163282
51.498041
15.466018
-10.359201
0.977467
-31.801125
-6.504169
4.309908
32.826327
51.360118
-8.768685
16.796633
12.859905
42.650918
3.440834
16.495575
-25.131571
2.839222
-20.742075
43.229475
-20.088276
22.071197
24.803705
15.065759
19.326721
-2.555734
-6.805948
8.722369
27.277638
17.505067
24.863195
-7.418417
7.331860
50.447602
-6.417632
29.775034
34.001575
34.182955
-5.215150
4.937661
26.847238
-5.164585
41.721591
6.660176
-13.356152
46.156151
41.269160
40.475292
12.499911
19.545585
20.461854
-24.090700
30.472593
-5.245301
-32.083278
-6.247095
27.266197
-19.992361
-6.235893
29.600045
-4.281503
48.416306
20.414607
-2.603536
0.203007
2.966545
-30.522623
19.060519
-35.749483
9.030921
10.634048
10.435250
9.858543
-26.010644
40.101750
9.145247
26.563652
4.732594
0.224436
17.681764
7.020928
24.601007
3.972394
42.812002
28.627451
-7.486675
-0.627434
30.456110
37.398597
26.539432
10.270568
2.355490
34.826093
-13.427456
16.780700
-12.611252
36.916322
1.138029
31.741126
35.638297
31.816827
-11.082807
13.543354
26.586665
29.643838
23.935624
-20.674812
-23.022633
41.720779
-0.659933
-11.223528
23.204779
-5.468189
-17.776161
11.684315
12.173348
-10.229369
4.164390
0.788818
-3.149014
11.127159
23.502166
2.524028
14.222920
0.167178
32.457659
26.848592
5.289702
13.651598
-12.046262
36.687892
13.313971
5.722374
-18.221596
8.452496
2.276667
10.920329
37.142264
19.979463
2.097848
11.982754
-40.423033
40.504304
-19.853593
5.492987
-17.326204
3.838182
-5.102211
-8.953152
41.361228
7.775811
43.136541
14.452928
12.153968
15.032113
29.491624
6.786160
36.351636
17.924298
21.935679
26.974220
42.423077
55.035837
3.508461
12.855686
9.309916
23.062594
-16.364635
-12.797995
5.975557
9.209470
-26.536278
-3.478450
-9.636274
-0.573550
36.788700
-6.815305
19.982683
-24.745366
10.052045
-24.216376
24.431868
5.539927
-20.924294
-0.488328
12.299922
18.794339
31.495028
-6.681756
51.308672
60.992658
11.345820
-28.286088
-32.987731
8.699733
3.446867
20.663178
-31.240035
-1.687939
12.624298
13.605887
29.856042
18.522784
-1.950574
7.029214
1.833367
40.567640
36.414582
19.111621
-13.376297
11.711193
41.532989
2.725047
-2.801284
16.845116
48.248515
15.469138
7.600429
44.105954
35.610728
40.129452
-18.194366
17.780988
-6.151432
10.672236
-14.841609
13.196073
1.315563
16.082809
0.985981
25.851542
29.465984
-0.679014
18.002103
2.459192
27.337944
6.248488
20.352173
-20.188798
8.657603
7.910053
29.062415
27.902262
11.757322
1.646395
-2.458200
19.679188
9.947176
-33.825971
24.314921
1.753165
24.017289
27.532547
16.704688
-1.290510
13.951169
6.951985
-9.346187
-19.452711
12.924407
24.907643
-2.405480
-4.982294
-8.643991
22.771270
-31.329657
9.947713
3.528846
51.402989
43.887512
32.483179
4.709997
22.414874
7.050156
-3.918887
18.579230
-17.632903
18.733585
11.943424
27.764344
9.382812
-10.399080
43.700956
4.027739
20.411339
11.339293
16.658207
-13.704651
11.420567
-7.266587
-34.406301
-3.402419
4.975931
31.736048
15.666179
-18.245459
56.200461
42.562137
14.258830
17.396678
-7.670383
-18.963974
-17.741624
-30.177584
9.631299
-14.500860
42.634199
26.282411
-3.492853
-5.435958
44.918005
32.787317
10.925800
-10.783317
6.299574
-19.287977
7.983501
-19.437283
6.339660
35.872695
10.661931
-7.215363
-2.961950
42.033290
23.882089
-16.424924
-2.001123
8.684378
0.889845
-5.183102
-7.747308
-15.508949
40.076302
-12.051527
44.586341
1.543755
24.200421
45.163318
17.401613
-8.033042
28.044826
26.927917
19.917472
-11.256195
9.263824
19.424533
1.317399
17.441388
13.793860
9.072848
12.690997
8.466666
30.142556
20.447796
1.606384
32.737522
12.425099
13.797299
9.177444
6.397614
-4.984181
2.039720
10.626572
-16.635607
-44.650421
34.658268
18.644421
5.647068
3.706073
2.060070
-1.404146
9.635793
72.770437
22.552752
29.021788
-18.532052
15.306524
17.560856
23.186977
15.905693
-7.884177
-5.924056
-47.535400
6.005090
44.220398
-12.055949
3.491071
22.368817
22.502215
16.199474
-20.849704
0.231915
10.743219
10.473166
5.054982
14.574568
13.955753
14.807355
-10.558331
-15.275916
-39.526771
11.048048
25.888262
-20.461189
9.150493
-1.649407
23.298973
-1.248842
15.987532
36.322525
27.051914
36.034116
-22.528074
32.498491
26.809182
-14.504702
13.818009
10.812770
9.278067
5.073691
11.644560
18.178124
24.443137
1.643052
4.180863
21.425830
-15.103397
13.082757
-4.472657
35.044284
-14.371329
10.605245
4.267601
37.747147
25.368924
2.774452
14.267402
33.093571
58.549893
8.028263
-2.103293
-4.595805
-5.704043
-20.630246
4.903417
30.989454
-1.702777
49.701081
2.285598
-19.999542
13.904394
-4.098806
24.501433
10.481448
24.197493
26.125514
32.059858
12.071037
-13.628296
-6.603621
3.575001
-5.763811
2.724028
8.057695
-9.495762
29.917525
8.399535
18.885129
40.395398
9.321814
-14.911172
-1.181645
-8.211701
60.618843
21.754905
1.438666
-12.931674
14.716230
-3.922262
-12.772180
-11.056031
2.654115
-16.706055
1.364717
10.769224
3.703535
28.484646
-5.103549
10.496688
29.247486
-3.232675
-7.716723
8.594965
-8.310943
40.557402
-4.883447
0.811644
-7.927983
-36.445360
-0.900511
5.387743
32.946123
-0.588438
37.765766
0.508824
-10.878757
6.879032
7.837627
10.345964
-10.208144
19.772044
24.992005
-12.270175
16.876148
32.372077
13.100824
-2.827030
17.041233
-3.524428
54.088437
-22.264425
-16.550567
1.420409
-0.256541
14.761391
-5.257492
0.055861
-14.085946
11.755617
-3.950513
19.555555
-22.171760
-16.945050
-9.537404
28.990044
27.990135
-8.686395
13.089434
3.019159
16.527623
9.037546
44.085472
12.250095
27.812319
-2.085770
26.162767
-5.171360
-8.099426
-1.059677
24.229755
11.989876
31.246721
9.896938
24.139511
41.476774
-31.111022
-0.475147
11.269442
11.963605
17.039757
-16.870036
4.702518
27.131757
24.682916
11.070757
-4.782813
-15.932995
10.545002
-12.150064
2.851854
4.780039
27.751349
8.597712
25.337337
-13.673236
-7.893308
-9.914191
-36.704843
-0.400080
24.169168
18.571410
-17.793077
14.877226
45.878710
18.476299
-2.090576
19.608305
25.874776
24.887643
8.666727
0.016989
35.573581
-27.916154
24.695185
10.311081
-15.722461
-17.065757
11.437685
30.530386
-26.346892
20.545657
-25.224902
35.322133
-28.725054
-21.240088
-6.885992
21.560810
6.364592
2.416342
-17.058966
11.840125
10.961772
22.982659
-7.725969
8.902396
17.152857
41.155866
34.292412
23.030549
16.423661
20.040062
-12.875008
25.356662
-16.815407
0.252853
52.828324
17.423602
10.846479
-30.776622
9.562781
-5.565877
8.574095
-9.232930
10.727100
6.223040
33.310573
-11.764555
-9.181319
-6.040136
22.213489
-8.318041
28.175255
27.210459
29.335303
18.893747
2.166089
26.216953
-30.699776
33.613999
1.929616
-5.340398
20.924008
34.169333
2.240230
-36.001005
7.688185
1.539248
39.274188
23.552427
-3.556295
14.635287
-12.002598
-11.389049
5.061317
25.656565
18.696075
7.418659
31.197333
-4.269656
24.149008
14.137867
30.503102
53.067441
36.286964
16.349632
-38.516073
23.465304
8.607748
-5.960283
17.753252
33.564294
-51.869458
41.291022
1.908415
-0.600466
9.044729
11.114366
-16.695766
15.121584
15.310134
-29.829346
5.245345
19.897160
31.088455
-12.635876
21.923460
-3.803640
-4.318904
18.420300
-5.123198
9.060388
5.076995
15.612747
1.469337
30.186923
11.910852
31.352747
1.752481
16.519641
-18.137407
0.020117
16.229538
-8.807104
6.813198
31.980080
18.862424
-20.114649
2.883368
-3.841263
-6.693423
3.156659
-5.115604
-2.174069
-11.873102
-8.958647
-22.593695
10.900845
9.095977
-15.424204
15.569521
1.555096
37.070789
32.353346
-8.564980
4.734364
52.762836
-11.659798
9.059183
6.686354
40.974372
0.120930
50.690960
28.086769
9.635292
-1.477280
26.815461
-11.953682
12.548937
0.981781
20.874839
1.109592
9.167418
26.236280
21.100423
21.930733
31.017690
26.836339
-33.045578
-1.401005
56.623556
-5.222601
-0.963365
-0.275034
44.609495
-10.210479
-14.556367
10.866755
4.268604
3.467502
48.423658
-5.839651
33.361969
13.407454
22.507207
25.015970
31.950054
23.837647
9.344964
-16.413986
-16.485296
4.034703
-9.432828
11.397261
21.227464
-31.766620
27.655230
7.412069
9.636045
33.245764
30.204276
16.840915
9.500510
25.029337
5.997478
42.476429
17.969352
-0.373853
1.888490
-0.839367
17.306065
16.459358
-7.719605
-32.497961
-8.812762
-11.175274
12.813609
-23.313108
26.229077
27.718474
-22.207475
20.630251
-5.318200
-35.049404
7.834851
8.008122
3.533503
-26.243915
11.620411
23.375990
19.501588
1.576145
-11.179764
20.025089
6.984964
1.341580
70.009780
49.009245
12.050163
-21.738726
-7.087946
39.465492
35.583581
1.090438
3.524461
22.881179
3.206935
3.702086
15.042906
8.863201
11.844054
-0.879555
-19.461070
-26.721429
-9.760212
4.503461
-46.583486
-3.904190
8.654697
3.873473
9.921108
16.985947
3.687056
4.397652
6.832136
30.023634
35.557297
39.124817
7.261688
-32.669777
4.160848
4.536101
11.329577
12.215193
0.826346
25.119537
17.332762
32.346314
19.526276
32.503561
0.557395
30.831802
-22.360010
-0.089966
24.867811
16.768380
40.257717
-31.234888
14.216067
-39.512017
4.001153
-6.254852
2.664727
-18.450548
-16.702025
4.868211
-27.174862
-23.947602
22.832172
5.265642
-1.636666
26.844598
3.486280
5.676173
27.975104
4.115695
-0.683434
32.041762
20.296638
12.754164
60.659706
15.521757
10.702770
3.823401
29.582401
12.275125
16.474001
-8.233372
33.681409
-1.698726
45.782264
0.901817
6.693084
2.962181
46.369251
13.322346
-17.771939
10.411164
-12.887292
-5.832785
-23.738602
-18.975482
23.538274
16.976529
-4.320931
29.970248
9.548666
53.955605
16.038306
23.344690
30.125923
26.041567
28.073032
-6.863004
5.506625
30.374125
11.483968
-5.492718
33.114673
-6.916526
-5.212418
18.050039
48.088161
-6.000192
22.367978
11.527221
36.806004
8.309703
-1.927982
24.874566
20.447209
41.498535
-19.985186
6.580348
25.039172
9.173107
16.269176
2.533748
16.575722
14.697099
-18.246090
8.312051
-12.584491
0.393654
-5.678168
-25.666539
33.255862
6.463769
32.578335
-14.779515
9.540873
0.904172
-28.114172
22.942955
-14.037747
27.473831
5.966458
3.150007
13.705556
8.814885
-28.181550
43.619819
-16.075423
35.499702
44.946426
39.620795
-11.612312
56.995707
18.789477
-28.459428
-5.747392
39.208514
2.879459
12.863727
28.009929
30.438151
-32.431983
-23.581091
8.581328
19.145884
21.996433
-5.386534
-11.704434
17.954850
31.810285
18.955026
-24.432013
13.979225
8.149636
9.623334
30.848175
-0.795557
15.554220
7.494751
-15.948417
15.670799
-15.300886
15.236912
15.017739
22.723944
-1.867597
13.069910
-0.985805
2.078170
47.434489
-19.273588
11.867712
13.645933
12.424750
33.630461
-16.125896
-3.281538
11.818305
37.621729
-14.469686
9.946237
0.327124
-0.720904
-24.980105
22.582706
-1.094866
37.197187
-6.408299
31.149107
35.755069
12.940729
5.135253
53.422603
21.574983
-2.373040
15.535174
3.497711
-6.823204
16.919980
-15.093224
48.894055
-21.525481
-30.608662
4.325784
15.779630
7.710261
13.283920
-7.105703
2.939490
18.734597
-30.002123
60.551479
1.709623
17.674749
8.675579
20.060861
22.745230
-6.470005
38.112226
19.401336
-21.906976
18.750367
25.940837
8.749446
-10.976104
20.064764
6.647086
22.468270
57.712004
3.505664
41.606475
7.139260
-26.405318
3.788767
-6.288685
25.051017
29.382989
17.333927
16.307348
-6.990715
14.546481
36.188764
-14.331920
-24.032989
14.373024
16.846984
-6.764852
34.338741
19.761181
18.417858
7.786501
16.532224
8.760113
20.003977
-15.639647
42.832666
-6.917580
-9.863559
32.107785
-12.770636
53.297442
-4.932873
3.325852
47.860385
46.913102
11.896030
-27.125667
19.243800
38.588641
-9.365124
39.921977
-17.532039
-45.580290
46.103275
46.355151
1.741734
-29.424796
-0.255009
31.736565
3.446509
10.968817
14.650297
17.239953
14.555166
14.629008
8.581374
-9.797214
40.159453
0.326276
44.278111
8.025797
14.052908
7.615533
28.387035
6.959010
-24.740497
7.705148
1.089727
-8.049969
-31.420305
-12.288826
-37.165447
15.882929
32.284991
38.474975
36.145972
25.426983
19.832328
-13.090645
2.903505
-33.672445
9.218952
25.438343
30.188344
13.721892
-16.048826
3.491076
-22.594565
-29.220750
-5.832393
-3.671366
-38.761319
-7.992668
14.543311
-8.424134
15.489934
23.424776
18.667589
-0.405384
63.887214
37.472189
3.782785
39.201395
33.619202
23.281788
20.606617
16.329650
34.677819
8.625894
7.062205
3.930480
3.923631
-13.310847
8.313671
40.593527
-10.847296
20.887258
3.393897
8.405892
-24.813226
-15.126842
24.542677
24.021322
18.012782
-33.506534
18.984321
24.622913
-5.072405
33.250251
25.925062
18.546820
3.220630
20.564399
-2.168038
4.260143
38.452693
0.453532
-15.835579
-10.102899
9.018354
42.023051
10.326131
-13.798417
47.739574
37.159879
2.828700
-20.912237
-19.778518
-10.665263
-2.481276
34.906517
29.763237
-6.422013
10.111487
9.022763
22.553294
37.930614
17.435805
-0.109694
-10.971859
-14.615672
0.893940
1.582921
2.676270
28.650353
0.120585
9.260293
10.421398
5.653289
-33.369271
11.862233
10.492441
44.124769
8.865031
10.712084
-0.281263
50.747287
14.355660
8.436512
52.305312
20.686989
-3.374579
-55.739125
29.209131
-12.497466
31.839484
-17.772168
26.592093
45.248112
-34.182871
31.328273
40.277273
-41.728495
32.564210
-17.547900
34.705007
-8.271486
15.706927
0.105708
11.085345
-9.449505
9.383791
30.671958
44.125540
-2.122977
-35.505660
-3.621175
49.267810
-27.503782
6.604254
3.102778
12.934520
-1.604255
11.260268
8.567257
-30.144460
6.843462
-21.664354
9.911057
22.004860
-1.654335
27.462365
15.029230
35.993230
26.371182
10.815626
-1.537901
-36.037480
-6.846972
8.504278
-6.643003
20.484556
7.815940
-18.208650
13.333089
-1.502811
7.625538
-11.556645
8.386826
32.646780
42.864542
32.287009
38.344213
-5.762733
0.227019
10.516165
-4.166444
2.968436
29.208513
8.861042
23.247575
1.413383
3.184575
-23.244132
9.187012
34.536351
-13.127764
20.712225
41.902426
22.675022
30.109305
-5.421157
27.626768
-14.055531
-3.405449
35.584842
-1.614771
-7.248753
21.894073
25.087144
10.209835
-9.837801
-6.163791
13.438816
41.882543
-13.367555
10.513574
13.889778
-36.440300
-33.679136
-10.814991
-14.743637
30.408949
47.240001
17.722104
-18.535847
19.047368
2.397044
13.353689
-0.002053
-18.357987
-6.794771
14.442869
4.410932
11.756958
12.047231
-12.751430
18.350429
22.092699
-1.279660
16.172344
-7.071145
10.472223
31.768408
-34.088409
-20.784421
-15.322886
-24.640469
-10.297403
3.985778
41.712009
62.125925
-11.026649
53.530883
32.199417
-1.640775
22.504239
-3.122068
40.982602
-3.483972
-1.441915
10.979937
-7.340447
26.483500
-5.563828
-28.954150
14.185984
27.422837
16.723454
-6.061157
-7.331611
16.659216
-7.186129
-22.881651
1.543033
-1.756804
9.396134
9.633931
20.873779
34.022561
-33.818566
-6.849321
5.088494
27.287257
-1.365160
-11.252999
-47.385466
28.732037
-5.819947
12.583130
5.579557
19.848834
-11.671571
11.153093
-5.329173
15.812541
18.576705
-29.751203
-12.866962
12.276648
28.352762
9.509242
29.047654
7.836316
10.772546
-15.501925
43.732497
-26.662685
14.763166
6.922163
8.280823
4.878991
24.909652
16.807778
-24.872742
16.908250
36.294250
21.662459
19.763031
-11.427239
-8.138277
-1.484406
8.404541
44.584299
-7.500160
10.580144
11.323094
-34.863921
30.543632
-25.843381
9.971346
-3.537062
14.499243
-1.278748
1.363311
16.934712
31.163588
-1.381834
6.207713
24.273840
25.650100
5.256779
18.293267
6.501443
22.487948
-2.707021
13.877211
14.540091
2.813186
37.854436
27.469451
17.009893
15.483562
-13.428648
-0.264849
25.594595
38.195314
-22.009921
-46.705532
-7.007373
5.520379
-10.433704
-10.651607
19.316940
-1.642135
-11.433156
8.689255
7.190422
13.589198
52.014759
17.701162
40.310818
14.887513
23.074082
-45.993741
17.072253
-10.384295
-19.066191
8.209888
20.950015
6.943596
18.087489
20.740792
27.580562
30.449540
13.278937
0.003470
2.930774
8.203994
-9.116926
-12.906013
21.760711
37.120155
34.181037
20.477585
13.541998
11.154991
4.465027
-4.205378
31.834851
5.574568
16.360343
0.908392
3.305301
18.258776
-35.133565
43.732690
34.887546
35.814177
-26.433198
37.860362
20.824544
-1.396146
-10.579431
-4.768294
16.115094
4.312077
3.168552
-20.982620
-13.587708
23.632036
3.214759
12.556061
4.522098
31.903602
20.031824
37.065494
39.191688
23.859973
2.368507
44.903975
14.212448
16.644821
27.822724
-12.120815
-10.913361
5.046055
27.726062
-18.647125
36.746525
12.494688
14.832266
7.809655
-8.456801
-6.966863
6.136962
-8.363110
1.615633
26.177310
5.541493
29.398534
7.419392
12.655791
-8.962973
32.228619
16.317924
-20.652864
24.371368
16.865790
2.334434
2.182078
19.668568
38.499181
6.955504
34.818299
-8.171517
20.934394
2.313814
-3.695801
-18.618954
41.755131
-20.562375
40.122124
19.454501
25.200796
1.634092
7.518746
2.504029
-12.536754
21.859384
15.001197
19.386765
57.382610
14.549135
-30.021639
14.063700
0.174104
17.597347
39.725081
14.819088
-4.931889
9.657079
67.077802
14.947632
10.008321
10.871889
36.746861
21.609127
-35.325782
-28.574468
37.392064
48.828145
-2.084286
27.367971
-11.894222
57.797559
3.012862
18.608352
-6.274795
-6.988423
13.930985
8.250339
-37.209207
-32.778993
16.168271
22.140066
10.113062
2.732988
-25.457182
21.198356
58.960112
55.697595
9.299346
36.686745
26.866013
72.878889
-5.581778
40.172103
-46.679246
38.369167
-9.424217
-5.538385
39.026897
-12.625147
-69.360474
-6.512013
6.289249
-1.957808
46.351619
27.331129
6.812743
14.557432
4.149154
24.545053
-21.450199
-5.786614
7.976533
17.629490
-11.597454
5.732384
-6.371086
19.076342
-20.382438
0.621593
5.767837
33.820270
15.278793
0.086611
-6.032850
-5.036102
27.424609
45.055662
2.381114
25.407551
24.965988
-2.062198
0.901782
-0.275751
19.882743
14.244348
-2.155660
21.198287
15.072715
-15.088072
3.430167
6.717816
26.954468
4.447512
7.294294
12.732805
-26.870075
-1.991113
16.722808
6.290013
23.011888
-18.161846
-8.351448
11.765544
2.176746
9.606599
22.989869
-25.996407
17.106498
10.791557
10.443074
17.227838
-0.973572
37.080511
-2.781314
-10.119521
0.669147
-7.301991
-13.437397
6.671914
-16.794966
25.639811
8.065325
19.044527
-11.720112
-1.298222
36.320461
28.898737
28.258091
2.957471
15.383231
-21.135870
7.846382
47.589042
-16.744902
28.807860
4.579550
16.008620
4.357282
62.495821
9.166619
39.973092
20.965342
-48.662162
35.521325
32.746735
10.425102
-15.250148
-11.114441
-25.717936
46.746659
8.612950
-40.789122
11.769514
53.035123
22.170090
14.822029
5.257007
-18.113322
26.120223
16.282861
-27.253752
37.062177
10.649904
-7.563410
4.244381
-1.229902
29.164384
-7.089944
17.364943
4.961589
2.162955
15.292164
28.293248
2.729349
10.386807
10.403451
18.366694
22.163947
28.669810
12.268408
13.002645
20.709467
43.155148
15.434642
18.569316
28.639738
40.293934
7.008967
12.923116
4.091345
17.936569
-4.995799
17.488734
-1.845953
32.452149
-5.968493
18.928922
-8.427626
-5.536700
14.320567
2.628388
41.791498
2.710281
29.064547
40.304771
33.914340
-4.939550
21.875071
4.117698
12.986992
59.863065
8.927875
15.285033
15.540238
-1.388815
-22.183895
32.534282
16.814529
-10.593627
15.192409
-33.008379
25.176504
-5.345796
7.591931
-3.871886
-17.668826
26.609717
-11.712302
19.740233
28.230121
0.858106
-1.689283
30.829774
-32.101351
5.188792
7.612437
14.528949
9.863128
19.449548
33.603668
26.345079
3.567437
19.008547
43.864553
19.675660
5.702256
14.523380
18.013909
17.048910
-19.336589
4.041387
-14.773381
17.652821
-0.466034
19.300683
11.524219
24.672107
29.046893
8.037796
-8.282719
9.080636
4.743139
-27.715612
25.928262
28.161209
-8.904568
39.875673
-18.435564
27.351848
-21.212532
15.528571
5.943852
10.407539
-11.300860
17.409618
10.921935
-9.619947
2.480879
2.778506
-14.795733
8.535287
-28.267944
27.496263
19.031735
17.046693
-0.456158
3.277763
15.957613
41.830802
-34.530436
-36.685266
10.707615
12.470170
0.176845
28.574978
-11.703864
13.778296
36.700258
17.886270
-11.119526
9.414607
-15.837711
-4.307548
13.724707
16.093011
38.191507
7.689548
-12.672827
-4.422100
-0.950995
33.759357
24.629913
8.197150
48.494897
-4.928309
19.158893
-16.324998
-23.709096
6.592801
-35.323556
13.940515
-22.614439
-5.532414
33.567602
29.515914
-0.869153
-13.471616
7.935814
24.114289
36.463146
38.838329
-9.780650
11.361523
0.657946
25.773242
-7.026652
34.029046
22.461086
54.849316
2.520768
31.961833
-4.237057
28.893489
6.780078
5.675597
4.015696
29.771997
-2.536956
10.136713
34.882198
29.138622
-23.060924
34.279869
16.428888
4.628050
3.396847
15.336262
13.959790
0.275058
-7.969788
4.256084
21.710641
3.002944
16.019142
34.534645
-10.258826
48.624605
20.027060
-34.156440
-30.170076
28.467103
18.837800
19.171073
18.518332
12.089943
1.316924
13.968919
23.527277
6.166519
7.751129
13.717485
12.383285
23.898506
0.444795
8.651753
28.191350
-5.000945
39.197448
5.100544
22.319063
14.617744
-30.359391
20.897061
2.379171
-18.889064
39.634990
33.263581
-22.092033
11.949508
34.884276
-8.669181
37.973991
18.447300
-18.461948
-5.203886
10.701324
-39.318738
32.385942
-12.731179
4.763707
-4.050628
23.649506
49.704272
17.214550
24.848572
4.940661
12.204619
20.504966
51.651850
-11.995620
-7.100135
36.466813
-16.602904
12.602706
4.909489
-53.707538
-3.688603
38.188489
-13.527024
1.590444
36.777064
-13.550898
17.199621
13.302574
-7.468936
22.631717
28.280549
0.107831
7.380981
-19.135071
7.999004
21.876099
-5.381899
13.287290
23.023185
-0.808691
4.893224
38.876088
-0.799236
7.327443
20.843069
43.161091
22.380801
-16.507039
10.688823
26.058591
21.801276
0.389664
10.042039
20.740007
25.397127
-9.648090
51.560012
8.651498
6.280873
-1.462692
-3.882869
-7.429222
-8.120023
4.559118
28.566668
-28.194018
42.334459
47.983263
16.173198
-7.374771
-15.866767
9.426548
12.763513
37.269227
24.363070
-19.078623
-11.501195
1.559408
7.615406
-1.792547
-6.477781
-11.063541
5.278797
17.892755
5.584718
24.859204
-14.088638
9.176869
13.515641
-7.157716
15.741706
-3.254352
15.975651
-6.222660
31.984218
21.820780
36.445494
21.445095
-14.189417
-12.383708
22.758773
1.501389
17.658770
31.667652
-16.840618
11.684184
-8.480701
-15.348231
1.709231
1.588836
8.308875
7.762562
10.707468
-17.730307
33.227618
3.306204
-3.672844
-14.130270
7.695851
-6.641561
-14.889336
7.502737
-10.556761
6.532205
8.040284
33.515333
4.313927
7.561179
3.348314
-0.711404
32.405558
15.411086
34.401565
-9.843975
-13.939324
28.162454
4.309028
24.165770
-12.060388
14.919426
14.226380
14.936377
6.386322
10.950344
18.234125
11.614814
15.068221
50.282155
-14.721994
-21.444880
27.969597
10.563515
-9.831148
-21.102681
-36.528044
-13.076590
19.478001
-16.049223
-9.256052
-16.327679
-16.459490
-24.060519
-20.335812
-20.203414
-34.734228
13.527670
-11.153950
1.518139
-0.769775
-16.374549
-23.963026
-11.109735
11.881828
53.732690
24.132875
-8.972072
17.615753
-19.530843
33.793437
-0.396560
-12.709029
4.033435
40.787765
26.177823
-22.241018
55.519606
47.190594
44.377438
-5.641813
4.649560
8.947018
62.296875
41.471832
2.541900
13.274428
39.203359
38.972547
-26.546217
-4.905211
12.863489
-16.513882
-16.421197
-32.458357
42.795776
31.455077
18.286924
51.495538
-12.301481
27.342009
22.848638
-22.031189
16.063315
-1.226159
-38.820423
-3.387714
10.572773
5.497867
14.288600
5.648782
-12.344423
18.646843
-22.233515
1.097365
16.492844
9.841068
16.645163
35.672888
19.951522
-12.288724
21.571760
15.375102
-2.689006
4.623435
0.418360
8.077726
37.107086
-7.762898
5.692929
-12.751260
-0.956263
-23.076599
12.931345
-13.758128
-43.511003
-2.442226
19.325680
-0.010627
18.656065
15.441488
3.834262
-34.925503
-7.174234
-17.119044
18.256033
9.345151
-22.604448
11.430927
-12.491160
-0.726414
-3.571659
30.526611
3.993426
7.372897
39.894031
3.676068
16.995663
4.663536
8.769654
12.345545
3.474005
10.952047
12.590015
-7.087916
16.305779
-32.946856
-55.621988
33.886242
20.284502
-3.134080
12.563964
38.405220
-5.413102
11.125292
-15.499837
17.309438
2.383193
31.725037
23.048720
23.451379
-9.136179
24.768125
28.074862
-1.296035
-1.456297
17.859204
5.914225
-30.997763
4.463617
27.644447
17.257542
-44.488839
38.417998
29.960343
36.401944
-8.574596
29.304552
32.174872
-0.902400
-3.159922
4.451988
60.270503
13.327765
43.598275
-14.226076
-3.768009
7.773722
28.034475
11.231278
11.570447
47.850839
10.021185
1.747717
4.992264
20.113868
30.445815
8.124755
-19.793139
-16.555047
-15.120673
-2.496697
12.216108
1.115096
30.786318
31.023495
-0.666240
16.169189
52.167584
19.396946
31.325241
15.647853
-13.189568
9.212013
12.498640
-18.203297
-9.286635
-2.406060
16.951521
3.927044
37.499331
41.555068
25.382438
-17.352635
16.622494
20.055547
43.232394
58.818360
11.029740
21.282379
25.107797
4.766797
15.795650
34.661797
20.900533
3.918311
-8.820125
15.597731
72.871915
27.243999
1.622176
-35.286755
-27.790028
42.262172
-26.970470
37.020738
24.788022
-4.213766
-17.370153
26.061979
37.313041
-4.974823
25.484400
26.378904
19.604486
-5.048725
41.634337
-13.044176
11.331994
45.031623
-52.775034
47.715602
29.828124
9.195790
16.410832
25.224429
31.194412
12.253297
-42.270696
30.337032
26.558294
2.477677
-2.824281
14.248769
9.800588
33.724659
-19.453564
-14.049805
22.186050
-4.621415
-3.034927
18.293718
19.940440
28.600262
-16.259924
-15.927169
-20.744156
37.251788
2.932818
10.651613
27.136364
-5.022219
43.769516
6.496250
2.504658
18.255805
-9.976313
50.869847
21.847595
17.427018
3.491842
8.438679
20.996172
-9.954948
-25.065200
38.295404
17.665268
-3.239059
19.368044
-10.765916
-18.314402
-19.114942
-3.868425
28.034113
-8.647821
-4.016998
16.623798
46.209158
23.542290
4.684978
4.263549
6.609194
23.390181
-3.832481
-13.048720
49.931865
34.573132
3.252070
46.727148
-12.966473
14.734594
26.505921
24.799184
30.197413
38.763762
-14.205278
2.757112
22.732048
0.122879
16.714263
28.262371
21.301193
16.568451
13.565604
-10.876007
22.707667
7.751992
20.383281
-11.827756
-1.925947
27.675640
29.224928
30.536319
12.717119
23.859024
6.586909
-5.007369
14.823457
23.033806
-3.997281
29.406388
34.742135
3.148661
-17.195462
-2.573425
16.063216
30.246461
33.429928
-25.155543
14.398016
27.673785
16.081995
0.035494
-0.487309
-7.779166
32.979592
10.387519
31.808943
3.465345
1.930942
10.854128
6.099922
37.999725
-15.625400
8.756876
4.876577
-22.398087
-25.182284
-14.638849
-9.760074
3.784328
31.253747
36.855206
3.649870
-10.790208
-10.556200
32.915097
5.603383
0.027156
20.939448
32.450861
-9.027090
-16.793354
3.188930
20.448101
-11.845704
4.573068
16.967462
-10.470074
-37.920681
-8.517833
22.184076
-16.149074
1.109002
27.884293
-6.249999
-4.153946
-3.289533
-57.040745
20.952464
26.249758
10.159458
-2.813426
-22.430252
44.906605
12.001381
-3.976536
-17.299816
-13.234562
16.292521
-17.606766
16.432404
20.420173
28.052684
8.471368
20.461833
23.413488
-0.765423
11.537972
-1.395215
9.523774
9.072401
-21.194631
-6.149683
-10.965789
12.670918
-13.777601
20.044954
-12.665025
3.236997
32.097446
21.009288
-12.406228
-8.085466
21.627440
17.590639
23.629920
16.591133
47.257361
-30.124618
6.494340
31.182487
34.054184
2.966630
-10.206146
1.517107
-13.283816
-4.103964
43.952712
16.969224
8.162581
26.448240
52.695042
13.627521
9.610984
29.662675
10.089559
12.943230
25.186901
15.864356
9.631400
1.072580
11.063885
9.026084
2.070888
13.847569
0.143546
35.940164
12.169820
18.975701
12.484628
12.228241
10.169560
-13.297583
10.779296
12.971729
33.825900
17.266518
8.647498
-5.592883
1.562258
33.547734
39.700162
-5.229098
12.690300
26.930688
7.774041
-6.659997
6.777270
16.643301
6.607879
50.816532
-7.458714
21.944773
16.749657
7.636242
-17.100749
-26.192902
5.709901
-1.962060
12.789027
16.554889
-3.976697
27.124981
8.487394
34.405097
8.004703
-20.197617
6.037560
-1.123695
16.462512
35.130043
-8.029425
-23.013270
-20.547608
9.804412
9.517138
-9.240797
5.599105
16.461918
45.474078
58.649266
-23.982766
23.401917
-12.105143
24.935583
-26.003245
6.992480
25.968027
-5.625390
36.712331
-9.711329
39.748924
0.313255
19.929483
15.727846
6.816447
-13.237362
18.158966
-27.901992
4.624599
47.495718
-2.292843
-7.783570
35.741040
37.297630
26.415706
37.353006
23.468766
6.000521
-16.406297
22.456367
4.105962
15.762344
13.566119
10.494264
7.188297
-12.288119
14.647868
-9.358972
50.467828
9.017496
30.610462
-1.654547
-4.819462
-13.490609
43.312957
27.100635
0.196842
-41.124134
16.314474
5.339931
-36.679598
-9.851374
5.280626
16.577427
48.003716
18.065945
-13.864674
-2.576736
43.556853
17.345344
24.918397
6.724199
38.024926
-4.646313
2.528517
13.661147
23.410544
54.205428
-5.532195
11.007611
-21.826866
-16.251765
50.465751
3.197385
44.454101
24.894703
-7.660251
26.130603
-24.354901
29.472728
7.006627
-2.919277
4.098185
0.950869
-16.118217
25.859721
24.039474
-16.831849
0.326173
-2.609374
26.356178
-3.845228
4.476432
2.181310
8.065597
10.304708
23.948320
21.830261
22.993058
-15.085632
-2.540389
31.040049
1.239984
-29.979435
15.572934
12.214455
9.537814
26.244971
26.334729
6.182924
22.067818
-24.782928
24.009989
82.965154
14.749052
9.942734
-16.941650
8.413109
24.642914
20.502484
2.300773
6.248582
-2.438470
18.817263
62.739326
-1.751686
-14.420555
10.994855
46.817282
4.646007
42.722524
38.036800
60.361089
21.688519
53.683530
25.224485
42.999356
22.132530
-7.576642
-5.401868
-5.227059
21.296525
-1.042542
-10.017379
-14.472652
-24.262943
-13.339090
33.798674
-14.135307
53.212196
5.719304
-15.876772
6.793275
22.954839
26.000467
-28.992294
39.921636
5.237814
7.668987
14.014467
6.080889
20.422481
19.867379
51.141230
28.177157
44.418198
36.468604
41.517932
-8.847027
-22.797897
11.523732
8.009083
-8.645590
-3.539779
7.264979
-15.684859
-15.261791
2.632824
6.342358
52.302198
21.638068
-24.687159
-12.143299
49.354558
-12.182028
-22.072558
11.527260
-20.612892
23.815931
31.176379
25.494410
24.779064
-12.789590
1.138500
-5.983038
-5.889921
-6.304467
17.254307
7.569998
35.898127
39.233883
32.505369
12.300307
11.820830
13.998755
2.087617
36.734894
-5.340749
28.936098
25.372581
16.523835
49.353200
-4.977989
30.142262
45.179150
-9.414742
-7.693855
37.232752
25.778619
46.491062
-10.211714
8.782222
-11.550869
-43.331510
48.250198
-4.702823
23.432550
10.137133
11.010637
42.419713
-8.691269
6.171254
19.984289
15.259767
-4.415266
30.363367
36.863520
12.887787
-0.249278
20.426422
-6.907032
-6.538042
48.526570
0.938438
5.469730
36.724694
-11.359318
34.164457
-8.206303
-2.496504
-16.495332
45.969063
77.676865
20.776620
36.375120
-1.313945
3.785547
27.052951
29.155295
26.689507
0.059031
34.803405
-14.237916
-0.118046
64.908494
-5.862702
29.403117
25.456325
-22.980712
7.640973
-21.746099
-2.279047
53.955232
10.192879
33.191325
-6.779964
14.248883
-19.385931
32.617986
16.147799
-9.610579
20.130286
-8.068542
12.319604
-5.901417
-3.861248
-25.939408
8.538978
-19.666107
7.402374
19.289350
3.298223
19.913349
12.453271
15.772402
-2.790409
0.814775
10.777488
40.332631
2.137100
20.332763
12.293757
23.934058
7.993504
-2.354194
6.610562
-5.067739
-5.898679
21.025251
1.327799
45.982225
6.527343
24.195602
35.783475
26.399437
5.631320
17.111054
43.363329
15.812913
-11.275090
16.488910
-17.189729
29.164037
39.384610
3.760299
-5.181332
9.242238
10.288895
-8.012004
-4.127100
26.483253
14.457373
-13.864754
-17.730929
22.273226
10.578881
18.318811
60.320269
33.683061
5.473351
23.682187
56.642656
3.739954
31.415530
8.899247
-1.921685
28.454144
18.096803
27.723141
-10.983814
-5.626285
8.238158
-5.099538
14.461994
-4.973965
29.951056
13.630181
56.270555
-22.072100
-7.276770
19.407407
5.565153
-35.839743
-1.812511
-0.693763
-0.095086
17.059605
14.149373
7.613502
5.687491
13.605097
21.750543
3.785073
7.829759
-4.373497
-15.768778
13.351727
26.982124
-12.144333
18.939903
4.594506
-4.330040
37.406557
-7.246678
9.660217
26.320817
-7.015853
-26.927576
-2.265500
7.854360
24.138214
37.810722
13.986377
-16.849037
10.165781
-0.991511
-10.964308
39.037237
-7.736029
9.875669
-7.264209
31.179659
14.363118
-13.871620
7.129207
4.267721
8.988910
13.731582
-5.226810
0.345624
-33.648274
21.517896
38.736517
-3.635207
31.523564
32.483371
-9.564425
35.944652
29.876209
19.989716
8.268968
26.573644
10.091495
1.241687
-35.746246
-8.227809
12.827820
22.818230
-14.548839
-4.161642
19.893275
-2.945913
1.909703
-32.647583
11.466637
-6.501200
-15.954015
-3.661956
15.383767
-19.710206
7.432041
-4.511971
4.073549
25.633124
-1.399522
20.683975
-6.097270
-11.662437
46.315535
50.284971
1.287101
13.452131
-5.173857
19.381439
-15.432772
-13.188247
2.255143
15.473059
10.956318
41.507639
13.765109
10.031861
15.324126
9.206158
51.984774
1.603672
-0.089380
11.698336
-10.656902
-10.913208
19.315531
6.925759
-4.555901
-17.578772
-17.314156
49.164456
7.969869
-2.575667
19.209320
-19.344749
26.951315
9.795909
17.074661
-0.382749
56.086671
-12.029939
10.846620
18.580643
38.761561
25.662620
5.733687
14.291913
4.305226
8.518761
4.726278
13.176990
6.849638
13.151363
-1.966106
14.966558
-7.468687
21.203649
22.406220
13.457581
-10.970468
22.109683
25.724114
35.776373
75.748136
17.512881
0.843281
-4.777912
-2.260210
16.013733
7.931590
15.377610
-30.414647
7.673367
-3.808136
17.702286
36.064877
-11.986086
13.383241
23.766876
45.268111
28.493582
4.006124
42.636079
28.948444
17.466522
20.803633
11.755186
1.954657
5.985886
-3.035531
24.974841
-7.482767
-21.925407
-6.745605
-7.704125
-29.835098
26.484174
44.893770
27.470789
40.565251
46.020235
15.465625
-14.900505
39.164687
-9.151310
-6.549092
13.844795
-15.834580
31.947121
13.647021
-35.292600
-13.175113
25.729093
-8.929711
20.555259
56.801184
32.800263
10.123459
-25.242430
72.868173
-17.206214
3.037081
-12.923684
38.542852
17.669537
43.120314
-7.688216
12.257311
-23.854199
30.741224
9.153214
-1.660252
43.439841
3.411376
-14.372865
-11.322229
-19.583703
9.148594
8.955862
21.007043
37.667114
46.076639
30.039715
29.055163
-12.673304
21.455194
-1.005376
16.472348
9.705094
9.641389
-10.104277
-5.387249
4.920122
29.894901
4.002713
-2.684677
37.964776
16.849111
43.688308
-4.923413
20.657286
1.112940
0.153055
21.063808
42.404453
-1.835763
30.925834
3.083471
22.539557
30.966828
10.290387
15.996601
-9.297241
15.669974
35.713292
-4.780608
-12.324721
-9.285799
13.720585
34.145366
39.742128
15.767996
23.939006
-21.368551
25.099894
12.180037
-37.957813
-21.730489
-30.370615
5.290290
8.798875
11.259064
-8.493238
1.177446
37.619251
26.920838
2.827626
5.108663
18.841035
33.156250
-9.167256
27.220242
35.984954
-8.435963
31.664605
13.122342
19.976443
14.367845
-10.305380
57.821329
-6.390561
3.961583
-19.272402
29.218474
31.171358
-15.723996
-9.204131
-18.090071
22.725835
17.715553
-6.494240
-2.693426
4.577164
-19.736069
1.521165
-2.287390
-10.576254
7.343436
39.974119
48.049245
34.129922
22.320856
-4.112336
-4.464424
15.340665
6.971923
33.006405
38.505611
30.897033
-11.753425
-8.835580
6.637201
-6.904507
-0.861795
-24.247823
-2.430157
14.889099
22.048165
1.127688
52.095303
4.442510
15.376503
17.741247
37.995219
28.322024
36.654115
-16.304664
-0.776709
40.713177
13.962662
7.315598
-15.023537
20.104543
-2.835594
18.757506
-7.846084
27.137248
18.462954
-9.407595
-14.978824
-4.501774
21.126238
6.518277
-28.570036
21.144686
-2.742514
29.636747
20.273305
-10.990502
-0.270087
34.088284
1.700867
37.587686
11.374087
15.499446
7.668402
35.319879
11.296549
-1.026521
27.409941
-1.351968
-5.904315
16.055071
-27.686423
-20.375450
0.148599
29.016174
-9.800945
3.104397
21.800499
31.196456
36.941865
-17.611313
6.762579
18.585418
16.519855
19.092973
-10.755406
18.321718
28.335013
5.141159
-10.314783
46.288350
-40.690874
-12.645631
30.167709
38.476033
36.726867
11.394585
1.192362
-19.109423
22.135405
7.957504
17.986298
-3.474212
-13.439332
20.991462
34.662278
15.218763
41.419740
17.299172
-3.039778
-23.698891
27.603663
7.560426
9.269212
-28.127874
7.497912
18.921915
30.097835
11.742662
-0.193709
14.432898
-11.434190
20.533263
28.126825
6.352386
-8.529874
-28.509330
-13.332177
-9.544716
-9.265109
35.849445
0.445078
14.199693
30.401694
13.410511
4.168704
-6.616247
-11.032497
-3.374988
-8.356169
-27.908827
-10.982618
37.069115
-13.793342
13.094175
27.372208
46.103036
22.879193
22.108464
-9.637990
-9.490335
-3.353922
24.162845
-5.396989
-4.572218
24.205396
15.402005
-34.811325
40.103058
-7.743089
-13.055644
-1.606016
21.891370
-6.939541
1.504526
-21.706134
-12.600050
10.635416
6.438115
-0.557554
14.411571
-26.905290
32.514795
-0.214261
26.213945
3.305557
24.349938
15.868007
-19.065723
37.254863
29.429480
-1.897042
2.846625
23.824017
12.743641
-35.666664
-5.947648
15.244728
66.738646
-2.963685
8.273391
-22.140658
26.390000
-23.559220
-2.169414
28.552732
0.727349
27.494830
33.792775
-11.481826
37.959137
-0.347252
9.532993
-4.783460
57.777002
12.122540
8.902947
17.173693
-13.440641
8.679059
-1.777797
4.063847
27.423289
23.761308
-3.493876
-4.085224
1.354580
5.547604
54.679440
4.063262
9.308170
28.566017
26.332998
6.997675
-7.328475
5.319238
9.110750
75.327380
35.660204
-4.058688
13.644141
-16.515522
-5.338926
9.015064
6.221687
19.496030
-10.017696
45.996222
31.587737
19.912931
3.948326
39.851444
9.615112
25.392922
20.266265
-30.562206
19.932663
11.140335
14.812771
30.930270
31.246487
-7.951581
21.004511
-7.033022
-1.725715
6.898992
25.912799
3.983181
18.897856
-30.125111
13.525469
21.432940
22.170324
29.500029
29.128473
28.341823
21.113677
-10.458923
7.565155
28.209404
-18.737594
18.183484
-31.158266
2.501784
-1.674671
42.645577
-0.063577
14.868875
6.093808
33.742760
46.468363
5.133311
3.787489
-0.645856
7.695901
29.911358
1.244916
21.868577
60.257682
10.344441
7.516963
-2.863477
-2.279668
13.649622
1.441868
-13.845643
8.263324
14.119832
39.723570
21.238832
-8.415993
17.566153
2.604028
10.268612
0.101759
12.053647
-6.406664
17.737165
37.405163
4.881506
-11.482633
13.428296
26.815404
51.119967
5.086873
3.027632
13.324220
-0.208155
22.968448
-19.751302
30.921061
29.681945
9.555280
34.350493
3.462463
-11.372878
6.993112
-41.111519
-2.223098
22.498050
37.522670
24.051624
1.015619
20.771855
34.926032
42.143899
-13.992295
3.550545
5.388875
31.063327
1.543535
-20.014647
-4.455663
14.271346
3.545977
-4.703074
42.273714
-2.302677
25.678550
39.252241
-27.902924
49.516268
44.487137
4.437397
30.440109
12.099482
6.022637
10.631222
31.779983
-2.359624
-22.124375
34.042864
42.976821
-18.730933
11.496046
10.267206
28.380856
-5.103381
10.494261
21.200467
15.484320
-28.464119
7.930101
38.426630
1.393646
6.724515
32.297933
32.701108
-1.667527
37.893178
30.341354
29.119797
7.077252
20.981011
40.855847
18.382242
-0.241871
12.946320
18.129865
-21.263511
1.938331
10.562612
44.947251
20.203430
17.402491
41.315756
24.612155
57.258410
4.579880
51.016557
17.598062
11.441714
33.880959
15.204392
-30.188694
-29.141578
12.745011
-11.992669
32.184290
15.484446
21.530900
-6.682067
20.395014
-19.862120
33.254460
9.990011
24.209721
23.963864
21.666577
-6.087058
17.111231
7.643899
8.369303
-8.476444
12.730976
26.462371
14.235259
9.772751
11.773672
22.954054
-8.937674
31.850367
33.764708
4.859627
4.092273
0.580880
14.432790
12.095303
9.241171
19.920024
6.298199
-15.869742
15.087625
15.022284
8.232695
13.798252
1.482353
17.675961
5.204284
20.938108
-0.910916
11.178821
18.005907
-23.706959
10.831127
-5.800647
-32.894910
-10.909313
59.665801
14.673577
10.076437
14.857774
16.375978
-8.100373
2.008541
-8.976372
-2.416769
24.996107
44.806069
32.611839
20.345910
29.984215
9.231066
3.485543
-1.270878
-21.999751
37.080674
24.447421
19.344252
-30.840954
-2.763508
5.926969
-8.273527
13.130815
6.244486
3.584181
-0.437929
-2.221888
10.885915
-18.753612
55.355799
19.807676
25.158850
18.458512
23.312676
25.099401
-5.401768
15.771051
4.576047
-0.631524
35.111455
-17.679899
-10.807455
-1.325451
2.016733
5.637164
28.164936
11.482214
-17.260391
30.790863
-39.597894
-4.241158
5.015941
-2.202923
8.647451
24.953117
12.654782
-13.545063
22.479450
9.881528
-4.482926
38.160265
2.403139
33.152346
8.868134
37.602064
14.462625
32.438678
22.836807
16.131582
38.313840
-1.041463
6.527646
6.792568
13.975499
25.968843
2.950081
8.298842
10.667168
17.570846
-7.965724
8.943507
-5.548550
27.527242
13.659071
-27.877831
27.597619
-1.296752
15.783801
34.141684
-15.208161
23.243388
8.842522
9.097850
-1.512060
-11.490203
31.064343
44.751817
-4.821960
-15.095781
10.809454
10.049730
11.087651
3.801011
19.529513
17.829999
10.758942
20.827441
19.569202
13.747711
19.385544
0.134379
42.016854
43.112926
18.477375
3.963281
10.377031
44.886685
45.620562
-31.278105
2.405088
50.244615
-14.285998
26.351400
8.395149
-48.185286
27.608259
-19.885930
52.275418
-1.676868
13.843536
52.620360
34.780997
57.354108
4.555018
-1.060420
-17.866954
5.078854
34.726333
1.574663
-6.473655
-22.741857
23.544675
18.095501
20.144685
-12.011254
14.070666
30.533068
35.361547
23.148168
-20.553120
-3.080282
59.709666
34.400720
-16.457092
30.059394
-17.079325
32.462960
12.748442
-1.420810
-5.432808
3.118745
11.972940
24.339957
25.966669
31.255933
-4.480519
36.479205
-9.023386
-34.783283
-4.187109
21.753997
2.352320
2.548571
-3.995020
11.907087
5.616523
-16.473141
8.455149
4.000295
6.501359
15.500698
12.080049
20.512986
-6.277492
12.887589
-11.183638
-0.507978
14.667754
38.774249
-18.183404
2.711291
26.995368
29.014377
-17.553389
29.210934
29.022710
12.187209
23.699531
19.652956
5.008742
-30.194932
3.392335
28.368783
-12.680972
1.360869
27.663094
16.042070
-20.688028
0.734101
11.578346
-0.077041
6.814784
5.626129
-1.695946
-27.352824
22.109399
-1.967178
-0.897228
8.939779
-25.467016
33.275852
-3.556637
-12.053748
44.897337
16.221160
10.273434
14.880344
3.217210
55.110681
9.474177
1.522454
16.170276
-3.035065
39.172850
4.971481
30.402386
-1.234054
-28.387317
-11.843242
6.836963
10.770884
22.573885
6.323706
18.221756
-24.778407
-4.849824
14.470432
44.350483
-20.639769
-12.082730
0.531952
48.618491
32.453519
7.910472
9.055397
0.114031
25.571635
-37.444740
14.641477
10.065661
43.561852
-7.926270
12.872762
-8.523219
7.640005
-17.578947
-2.007518
4.960464
-18.935836
-8.060614
8.685927
-1.530848
-13.280374
10.463147
10.849221
3.376128
31.335784
-8.552829
46.652326
39.024913
34.652277
-5.181977
21.388681
-4.333853
24.676106
16.863110
17.665785
6.902869
19.239196
-0.829027
-3.996456
50.944817
-2.485365
7.584976
5.730330
14.907988
-11.883568
1.241871
-29.417308
27.124982
-7.678836
-1.551526
14.295240
14.227464
17.383548
69.579636
11.943400
-25.481719
-24.375131
4.881913
-1.647462
-4.333839
4.047414
-8.025724
-4.068928
39.794099
25.973299
28.095588
-17.949039
56.269896
9.281391
36.692253
-34.458111
1.528946
36.095890
-24.432171
34.955559
-9.011969
2.327859
-1.786271
5.291159
9.954852
-6.022936
25.602216
18.992813
1.205638
27.201235
-21.522073
38.342661
-3.489992
5.243209
11.124378
-6.293904
47.053233
29.981306
25.807777
23.059583
12.227181
0.318169
31.524028
16.644655
32.232128
9.806963
-9.269965
45.835853
-20.721165
21.758003
-1.418879
-6.935978
-1.373007
26.161573
-3.234353
53.520589
3.966570
4.233208
2.339181
-30.098531
44.379342
31.482032
6.101028
-13.959177
7.264018
-6.018506
35.329499
0.001859
16.638856
10.127147
1.829406
16.516516
-9.828254
-4.633555
-14.708908
-9.715990
4.118152
19.959109
14.991739
3.609059
8.813102
17.193476
36.592502
26.304945
38.076532
-3.249943
6.034398
-11.375850
-27.296494
-11.546917
31.878485
-15.624482
18.787489
21.222144
-8.167245
43.209835
-32.201406
-5.783625
12.880692
21.487720
3.668766
48.133817
34.644138
11.063353
-20.152339
8.125652
-8.236240
13.103667
32.879523
35.925182
-21.133201
8.662381
8.707767
32.123110
29.927366
-11.781972
-18.837420
22.937232
-25.013786
24.224528
40.485018
2.324786
34.836082
-4.783602
21.938192
-6.682138
-11.119418
3.071303
-18.467476
19.445091
-10.651479
47.433351
-8.415269
-13.313682
15.982678
-2.174384
43.802635
7.914949
7.398919
-0.656449
24.795094
27.144792
-15.060162
15.273540
27.450994
-32.119927
35.978000
21.798133
-29.923892
36.008053
-11.928773
-22.357350
7.039478
25.242721
1.937765
-9.394068
-19.043060
-20.746978
12.717699
18.207641
-7.947025
-8.746372
53.467012
10.571141
32.609475
18.213227
6.694466
7.076637
10.030111
6.143470
24.555004
61.863622
14.980872
21.527404
28.025308
12.586579
-20.147495
30.937302
-0.937184
16.411129
7.810960
13.383461
-2.246750
12.853193
8.450413
12.405745
38.010371
8.165614
-9.273368
-13.208449
0.433636
5.503615
-22.569549
-27.528155
-13.948813
48.288618
-10.831633
21.074521
-4.539700
-27.820830
-48.664724
-17.963875
-11.381119
5.110592
21.055765
14.511339
5.126815
45.463750
-6.510716
7.694402
-3.461511
-23.643608
-0.430337
8.292962
1.086864
30.803801
0.959131
20.042478
18.103498
11.231384
53.013285
-5.138809
-9.252686
35.496604
-53.890969
15.831749
-23.076625
31.698475
-1.209502
-17.200900
7.873440
55.389555
9.471352
36.541517
5.882544
9.105286
16.552495
-13.020736
9.377979
29.269255
15.242229
14.158419
-1.551772
40.881372
13.353098
13.959739
-21.212338
-2.940894
27.082065
8.400737
11.365997
14.242912
1.934476
-6.460030
28.222999
17.977611
-9.047371
-14.533907
33.753031
6.974691
6.493728
44.084197
-4.781435
29.891952
6.006352
7.497948
-14.083950
-9.203859
8.161032
-0.230206
41.363843
36.983967
17.893375
48.263959
7.867094
-15.446530
4.872639
23.753283
-3.693304
24.699895
17.238123
-1.418610
20.906928
15.400441
-11.073272
14.195986
11.554063
0.440412
-6.365795
20.030666
-0.158238
38.678238
-24.033308
49.159826
9.166896
-15.289077
-11.463002
-17.631382
21.472573
-12.865693
20.431814
12.722887
6.863620
22.436091
13.529607
-39.929885
-9.744428
13.032746
-4.358130
26.350503
24.327199
-24.200903
22.694687
-1.235474
9.689418
12.484545
-9.875367
-13.470274
-9.150123
12.107323
27.696349
4.844150
-7.627800
-5.020082
-39.548756
42.916092
-24.027756
-5.659700
1.320997
-7.662736
25.347106
57.101042
-29.568081
7.709267
-9.325031
15.145512
0.413863
18.039621
-7.480615
14.240730
15.742150
15.971753
28.721467
-11.373363
5.427948
32.483729
18.092622
54.174397
-26.802338
2.050340
-11.437826
5.026545
-4.605074
15.524734
-1.924424
-21.876677
21.594317
-9.281262
-25.998762
-2.254845
23.851681
10.492819
19.351147
-17.032822
15.645691
46.412853
6.898310
32.682218
30.468868
36.864537
17.032387
-9.010872
31.420425
19.648276
20.160471
-13.493561
0.534564
-7.894970
7.594867
-15.630635
19.464663
33.568325
13.455602
-11.216832
-3.567672
46.843322
23.800799
21.835897
41.672500
-6.805385
12.031624
-19.113372
21.251081
15.419107
6.308427
-17.991384
15.433045
8.600174
12.143137
-1.627189
-36.721378
-9.077651
10.010318
6.570519
-6.670625
3.585253
12.626653
-8.561385
44.842435
10.770380
42.658625
31.901598
-16.635311
1.363124
-6.526087
49.707412
-64.093780
24.483900
40.807797
5.410097
1.967005
17.433354
-3.364291
28.280540
13.830711
9.663366
24.729471
1.840523
-13.497655
-3.976852
12.827899
8.325395
14.705665
22.306251
11.087091
7.156789
22.139190
28.706353
21.188474
23.622297
6.154191
-1.577483
9.639728
17.843755
-20.938882
19.089561
18.877099
14.010419
12.047968
27.165544
-24.813199
37.248271
-5.792525
3.699134
6.640451
-5.212340
1.322269
-0.043843
23.996528
-41.416177
30.006370
11.055706
19.636181
-18.792515
4.420792
-1.490286
0.265780
35.243872
3.814360
27.168826
-1.526770
12.391169
18.986942
8.947668
-0.948946
-17.084755
27.554532
16.575666
0.059442
7.449756
11.634590
11.030433
-10.380734
-5.771001
32.122851
44.340382
-32.769351
6.845750
10.959296
-20.549347
35.672738
12.150748
37.341139
26.359141
3.580503
-13.047479
41.093370
44.236887
29.490327
0.332658
-8.696827
12.327801
15.797123
13.309871
43.454219
-10.324523
-10.298368
-2.541907
-19.622498
19.581433
44.402793
12.459212
1.818752
-17.135896
-13.127551
11.733971
19.978464
-0.336952
34.621035
-7.646637
11.060559
48.978334
2.878714
19.876725
-5.181641
2.793766
43.987982
-4.580542
3.425207
9.697505
6.005259
29.680118
3.660488
19.657559
33.375729
-14.328152
6.177191
-19.775419
2.446478
53.114391
30.936962
-1.952642
12.074001
-1.721134
-24.649605
-7.969937
36.761148
21.906239
29.102596
-21.008228
-21.886287
-10.254168
9.792784
39.694517
3.508900
12.716178
16.438372
26.069721
14.292713
13.354965
12.538691
9.961752
-3.381271
-4.222484
10.686194
3.871475
7.499116
43.779726
18.493299
-5.342141
5.651475
24.389989
33.987735
12.485452
23.331860
-11.413650
10.166995
-14.727455
58.094870
35.938070
27.386048
18.704467
-25.575772
2.800351
6.495468
-13.855252
11.543837
7.536026
-8.993637
10.902764
30.144493
12.031483
32.861061
24.371113
4.282240
3.025026
3.375534
21.960901
-14.124756
9.001852
-18.783437
-8.879226
31.067915
-8.562709
9.300909
20.394226
-25.277799
41.344312
-59.594310
4.115243
10.802854
48.058146
2.157145
-16.899618
43.991077
0.985699
35.527259
5.067560
28.218981
-39.709513
30.991222
26.078681
8.311112
-4.367742
14.895899
-15.732566
29.353687
-3.328044
32.550717
14.936930
-3.980530
-11.513286
20.507093
8.259051
45.607737
16.251419
28.359785
35.683330
39.709411
18.699829
5.483595
22.173177
6.526885
-6.972184
-33.388048
30.018433
9.139753
41.404108
-18.816602
27.063602
19.887089
42.824845
20.331166
-27.742393
21.587170
19.698248
11.823045
-32.064424
33.715012
16.624439
11.149959
-3.402123
7.453266
2.984656
-7.627082
6.515335
-36.014642
0.867034
24.450361
32.462534
20.455293
-33.852153
15.422165
8.582839
0.323760
37.987720
46.966006
-2.007582
-7.388489
18.769335
-9.199157
1.858478
16.574159
19.590302
9.236269
25.184302
13.041722
-21.015465
28.968572
-22.392522
25.721643
-4.120318
32.836703
8.814864
-23.012834
4.040029
-2.313344
51.061602
-1.603239
-1.422589
10.206929
-34.894898
-23.438022
12.612394
4.520380
23.807654
38.556116
18.980410
21.652594
2.674190
50.204191
13.657822
14.645529
-5.061497
-9.166211
-14.048027
8.807716
-9.810130
8.973992
10.843623
39.904693
20.970938
19.534492
1.577532
34.121423
-28.089448
-25.441675
-26.482192
15.736811
35.005458
21.704779
7.222093
6.610209
-0.911236
15.121506
-2.593341
19.248880
53.056499
15.424721
36.898883
29.287521
-5.703464
8.516391
28.719870
23.139543
43.935086
-7.676481
-2.671174
44.757406
-3.675217
36.386577
22.754628
0.542685
30.588618
18.807391
13.437772
-10.061271
-1.579064
0.226260
19.725299
-11.161168
11.311744
-12.958160
-17.073251
15.797724
38.260116
-30.758097
15.836843
10.508797
34.435824
1.091497
35.061710
-23.993964
13.898603
1.005009
-11.147198
17.479332
-11.229271
22.893620
3.206152
18.770525
31.464755
-19.851067
-10.293280
0.393712
6.565449
10.432227
-20.953860
29.934853
6.114119
-26.133511
28.525957
55.880794
54.048800
14.068792
6.423070
-13.127464
33.451548
-0.522893
9.489918
28.715502
8.814487
25.492271
-1.804904
25.946983
14.785839
6.454121
79.023036
20.462476
17.337271
40.004249
35.586512
30.408692
-15.294625
-20.828773
20.800023
32.293106
-7.765514
14.071768
-4.281861
19.243185
15.179374
-15.357053
22.439393
10.296361
1.281714
45.102170
-11.397710
10.657073
30.913992
-9.160758
27.574349
8.501251
10.182706
15.669704
26.866593
11.326085
-18.125931
12.626361
20.003016
-15.352521
-23.804060
23.610913
17.200986
-0.447545
-14.074621
4.839502
-6.034879
14.679566
4.584924
37.030247
15.679881
-11.759494
-16.597203
24.841994
-5.606226
13.961578
15.031092
-1.553684
2.631640
-26.691198
4.044098
10.888537
14.574345
26.170091
5.310439
-4.018588
-2.794994
57.502455
-0.031941
8.393989
14.412982
4.341351
2.497221
9.255939
17.858749
6.736251
14.624593
21.497359
-43.177279
34.694540
-24.874567
20.528747
1.204284
14.484696
3.379570
-36.217793
3.398911
1.156153
45.537324
6.580631
14.342747
-11.541285
-19.921182
-36.431190
-13.624788
4.433701
15.281954
-21.987714
-26.734379
13.025054
19.790531
6.632941
11.625491
-17.265065
-22.970110
-16.328644
-39.218878
-27.281988
18.170173
25.228679
-11.795512
10.330378
-24.103063
25.424696
15.033191
-29.759774
5.725848
-21.378084
-5.562176
35.042006
-8.102831
31.292839
56.950792
6.384016
37.981567
8.362034
32.784303
-2.657709
16.888325
18.870674
-26.865049
18.716166
-4.940714
7.159443
17.052280
-4.722900
36.302047
-9.115193
13.789130
29.503890
32.689592
35.271803
9.294189
30.645056
42.259583
37.911921
24.260286
30.454210
17.335115
0.609429
7.667515
21.323716
7.310525
-12.197097
29.641002
10.351289
37.808248
17.036055
27.645180
25.578107
7.117560
-9.982298
4.656146
2.383023
25.243603
30.471993
51.172830
3.002498
-33.214472
10.060163
35.293590
-2.688514
-13.071225
26.808242
13.688185
1.936121
32.455537
33.246973
-10.575853
11.359820
17.165251
-9.090400
-19.775346
-10.785316
31.579587
34.208230
1.001219
-27.237558
19.616905
-5.138784
-9.804988
22.620170
52.063193
9.120426
29.696123
8.283597
17.189612
14.561145
29.324083
-0.407101
6.039366
10.498099
-27.490638
7.311547
2.532641
-0.589833
24.821520
4.665686
7.852813
39.241122
23.473767
27.849706
19.972099
10.442027
-7.226147
14.721758
-18.740709
12.195422
26.286553
23.063129
9.837708
31.557551
10.929114
28.582628
-15.973565
11.618981
0.667952
-6.902356
27.265623
-23.965438
34.710469
28.425640
33.780985
14.795179
-4.559182
22.256808
20.121549
-9.327480
4.849531
-24.038383
1.838559
24.598833
1.146028
28.494042
28.201297
25.044048
-35.376932
2.137120
-11.859448
0.556300
1.163788
14.408329
-6.227847
14.341832
-7.445469
-21.637801
-0.635441
-1.767925
38.386597
18.438171
11.166685
-1.471045
12.266680
16.660638
3.132860
6.570021
-10.754172
15.848265
-32.390289
8.598382
44.524986
31.022259
-5.172235
14.703364
7.293167
-8.256642
21.282968
8.431199
-3.577434
-4.440606
10.930659
-20.511952
-26.697623
15.420327
-11.178214
17.859165
18.086812
-2.436056
8.449739
21.081293
16.661084
-4.122773
-15.290576
37.761612
-9.166974
24.308185
-4.029326
16.866909
0.350006
26.667164
-10.618076
22.406210
8.183528
11.297390
5.378622
38.330459
66.330152
-4.723183
1.996474
11.704566
4.810543
-9.999421
4.705490
3.658408
-9.353011
-1.383220
47.185262
31.050300
10.345196
-14.707242
12.336575
-21.679967
-26.951703
19.853722
-38.393154
36.731492
-13.595361
-31.153311
22.811330
16.629409
26.665979
-6.796462
31.214522
-4.670250
29.627480
14.964751
16.934844
5.744374
27.754637
35.692216
2.368659
0.874261
-9.936573
1.155019
6.120103
-35.533304
23.055809
-14.086367
-4.183945
-0.481641
25.550965
16.985418
-16.612374
-3.290417
27.802835
7.682542
-10.818901
-1.032982
-3.943943
2.282853
-8.699027
19.375027
8.628026
27.972480
13.163319
19.373120
20.621042
19.475801
7.622733
-10.197413
4.401735
-13.037191
9.073554
15.601034
40.416586
18.122134
0.251718
38.135824
11.020713
-6.589675
-13.152081
4.169111
12.308070
-6.420986
24.263434
-9.806296
-28.263970
-9.213744
22.372122
25.544059
-3.746292
27.043074
-33.692248
-10.670820
37.954988
36.289154
-14.335434
11.055433
5.181741
46.368228
11.837959
16.116628
-7.546966
12.223837
14.620720
5.083573
41.034897
-4.729272
10.285834
-8.607760
-18.384619
20.816552
9.666304
5.992175
6.188410
9.769474
-0.883062
-9.305668
23.331100
-27.562887
34.564137
20.563757
-14.890039
20.778248
9.237795
0.947968
-9.880669
13.807201
-25.654055
11.764633
-21.086855
24.000684
-8.065061
-21.998682
6.538956
-32.728981
9.733740
17.436879
-12.078560
21.201452
42.944363
13.270761
23.626639
13.261997
31.291188
13.596466
-27.742350
17.156943
10.604794
30.781467
-28.733505
-8.855486
3.418094
21.689601
8.412454
31.899736
-2.613162
22.033566
-4.241815
10.443425
0.054835
38.174570
21.993103
39.862705
-11.310933
24.279294
33.777973
6.616814
4.961342
19.521609
-4.405535
17.545094
-22.741899
33.334249
-18.045007
10.236674
-14.369431
14.492593
16.464702
47.438234
25.872644
2.933300
24.309974
24.021098
-7.808373
-5.452135
21.519484
-6.046114
15.408929
62.887663
-12.929043
11.268503
33.433896
15.857718
30.604929
-12.230339
-3.605475
-1.052020
1.899719
7.684878
5.565249
42.250195
20.260067
12.950406
22.895039
21.351405
9.589559
8.503282
39.967628
14.782379
-4.276472
29.247463
-7.528400
25.374663
-22.587982
-2.767178
16.709529
-20.591880
54.110422
11.095600
-4.443960
23.078676
-15.837789
1.583210
1.903268
9.776617
-4.380047
7.718821
9.495029
1.869386
29.828897
-4.287659
31.602529
18.410301
40.956965
-0.352828
-12.880185
18.064970
42.176866
32.241052
33.803447
-4.683430
35.855929
-3.719641
-4.475396
24.369827
17.438582
29.415033
30.366981
0.141770
6.962020
26.526837
12.543833
27.713852
10.663692
11.784846
-7.066322
1.335693
10.183949
5.040316
9.326275
15.010588
23.132605
-3.900887
-9.643786
-1.500008
-15.161488
-2.910843
12.918449
38.096088
23.592250
10.915225
31.552706
-4.851837
20.573260
6.451570
41.223223
11.256908
40.406549
12.812003
42.310235
5.412460
12.822316
-14.150087
39.825512
-29.994544
21.267507
17.625440
8.521735
-14.057416
-18.310645
-29.798696
-28.844091
-28.968407
7.279560
25.295353
13.568543
10.524187
-0.088806
19.397979
20.908795
43.665557
19.063060
18.639489
46.349808
-3.084193
46.759100
-9.437473
2.751375
-5.031075
-13.601356
37.591602
-2.166885
7.272373
14.485454
-9.380378
0.267610
-2.903951
5.722148
15.875721
-22.687303
4.972812
-17.377018
5.155361
0.162980
6.919236
10.299468
21.241647
10.374752
-4.424532
28.955631
39.035210
-7.499068
5.487751
18.169821
16.280766
-23.176138
38.350021
1.901409
17.639086
-2.011462
0.228496
36.474613
12.687478
12.834804
-11.881142
8.979149
-13.237647
21.795327
-0.250756
8.819466
-10.936782
8.863157
-13.422707
4.664425
-36.079569
31.690194
25.119762
4.953979
34.899894
-32.793311
21.742766
26.312413
-7.717958
10.543802
18.784797
34.934222
5.547498
-2.134749
-8.186996
3.206654
-5.238142
-3.655061
15.183129
25.620414
27.754394
25.059919
2.065703
19.428342
-15.539230
6.775911
44.252865
18.172139
-7.571787
-31.378258
54.100798
9.043852
14.840801
32.682437
25.565072
-6.197540
-1.767517
-4.514478
29.468592
24.423533
27.880416
2.045333
17.465304
-2.649977
-16.362986
11.600224
12.980322
10.173027
18.713082
6.124496
7.207142
28.816136
-10.282025
37.432590
23.704163
20.080112
-16.358383
8.542665
3.448047
53.920207
-10.769458
10.157735
-20.499577
-0.190720
-8.727507
11.785622
-17.465944
24.629303
45.297374
-22.623741
24.734110
1.396911
14.904258
1.360529
48.797049
15.481569
-25.054274
7.769518
-21.201336
-9.502293
-5.443632
4.115370
30.244303
-28.132444
-1.993179
-12.910643
-12.133965
6.322622
-0.547013
-7.765601
11.548829
0.626146
2.190563
-10.339977
-6.230572
-37.320953
50.000011
33.447831
0.768227
36.826836
40.637101
-7.360053
-14.849657
-13.202575
15.543008
38.053580
53.697790
37.285937
-15.401710
14.831567
-26.437503
-1.048867
7.717040
10.583283
6.762185
-20.618635
31.972399
-28.295866
37.121698
-7.933281
0.733962
-1.825654
18.632243
29.606111
-8.583423
17.789492
-14.455421
6.755866
12.979359
30.512344
17.373740
12.283313
-26.426819
-1.647978
27.929144
33.302632
53.723941
37.465251
50.077803
-15.821075
29.782893
12.414729
24.899990
-15.407918
9.756059
-7.290043
-1.213084
11.732602
21.908174
39.788961
-4.066042
48.714026
25.250799
-30.154058
17.659336
9.630405
-2.884123
-28.588666
16.881888
27.576280
-20.228013
11.681016
-16.811238
-19.772324
8.777751
6.003810
1.326162
23.222391
58.896672
58.150034
14.404737
19.054671
30.120014
8.800585
35.520014
46.152083
42.352672
-11.074749
0.283777
-20.194989
26.142578
1.128071
15.096371
18.315414
37.228048
31.950057
12.136053
18.172763
12.506215
5.550440
26.665327
-13.529852
27.594839
3.240346
-28.136292
22.213121
2.888341
4.362982
-3.191317
-10.360820
47.695907
24.113940
-16.467185
15.936294
-27.338071
21.207398
26.274812
8.538897
58.747899
21.118484
15.917524
38.382367
53.688001
-6.426286
-19.607476
-9.488910
1.950515
-37.915670
-5.325561
9.589548
13.485489
44.297983
22.787159
-12.310031
-1.124789
-24.990717
18.590183
-34.524421
45.537620
23.124894
-5.558485
-12.097377
9.785319
36.112236
27.298879
-11.123203
-24.366959
-38.589044
-3.008685
6.475753
10.407061
-2.408477
29.306824
22.577207
3.649101
21.146605
43.856534
49.644640
28.189726
9.915105
-6.333044
23.599267
10.507291
9.981623
33.864041
-27.371322
42.481136
19.152992
-14.275942
-13.015823
7.686579
38.015634
21.001034
-12.751947
-12.007605
16.813668
29.192849
-5.938001
-6.089877
-31.830576
4.106177
-2.515586
4.017795
-25.370533
11.064176
20.443373
12.236209
-42.145927
40.454606
7.547299
-6.712178
4.809743
-5.876005
-21.947955
19.382571
22.572150
44.841721
-10.092544
3.179103
7.868968
-26.622242
-4.509293
22.499708
15.705117
-18.990332
-13.028178
34.502720
45.036997
27.544237
-11.552345
7.094759
2.287351
-27.020486
17.706451
26.015581
-5.142918
21.700064
25.917698
-11.428371
7.671415
-28.517502
10.576950
14.846723
38.849875
-6.030449
16.641901
-19.907252
42.507912
22.278701
-0.797807
26.432985
14.619709
19.849695
9.827082
-4.474385
-2.041084
2.201049
-8.710359
13.821248
26.751386
-32.021051
36.181394
19.254850
32.557816
14.378295
11.746257
-0.585732
3.944813
4.174316
23.369044
26.194287
-14.091951
20.394958
11.822017
-2.297981
-26.576891
28.279100
29.773460
27.533948
12.859297
-0.896178
15.342014
-19.071215
16.771341
5.216025
28.637100
3.809654
-21.436450
14.749423
5.229211
-8.385945
16.277762
-3.429356
6.291093
19.348382
10.774602
66.053881
32.357821
-4.251449
13.144382
16.300161
-0.243078
-11.402584
-5.493768
59.236044
5.621965
13.902709
6.110843
21.653949
13.190404
5.128707
6.129607
1.940370
13.850864
5.894334
53.500844
41.088928
18.029148
-7.958256
16.573333
6.139417
2.861531
-18.392389
51.180291
32.635550
-2.797818
-12.338605
18.148695
26.859084
6.030069
-4.796490
-15.019272
9.336250
19.975867
-2.273213
-12.508784
11.981093
40.925457
-16.789479
-12.875219
22.351035
25.512905
6.732891
29.299691
31.474500
-2.524649
-10.258958
-0.337762
11.263254
29.180117
51.789720
7.957561
13.143725
8.269890
-24.338137
25.072398
21.298303
-9.216691
32.716954
12.926005
29.898027
24.311474
-44.086136
3.953587
12.196833
-17.116706
10.604607
24.415998
-21.587654
-7.933795
-9.459854
15.442422
14.286802
-1.155105
13.531035
38.912813
30.520997
6.209333
39.384205
-11.145260
-6.209586
2.871567
-12.205122
37.436235
7.963504
0.827371
11.361175
0.896679
-16.380151
39.289485
21.443272
25.135315
31.740517
48.238535
7.235276
-11.194510
5.833802
-40.759563
17.043856
9.811658
40.317034
6.620021
8.980822
10.188581
-21.192485
27.799093
10.764482
27.171529
-10.113525
31.023691
22.871514
-21.531583
-12.146581
18.003643
17.226464
-4.558290
-16.668228
-5.801370
33.673082
60.056091
0.874120
-0.036918
-2.184872
-6.689930
-26.386467
29.723776
22.963707
21.678247
10.536817
27.835195
13.890095
7.909155
-1.000404
-29.377474
9.786366
-4.940945
27.739781
-19.906127
11.304874
-18.294895
4.664184
24.404207
32.818434
-0.038869
5.748933
18.321920
-2.151095
-6.989143
35.454850
15.387901
38.957287
38.343850
3.678048
-15.497125
24.613752
34.953500
13.617297
-3.732947
5.995797
10.811285
32.162751
42.582363
19.088438
-5.343593
-28.744348
9.557248
5.888244
-16.542534
29.283012
37.203625
7.506612
0.316126
-39.830459
3.675446
-5.875104
23.777156
-11.043640
9.608089
-30.100164
28.656399
-14.165217
25.951532
19.714468
-11.966502
-5.625191
31.002767
-17.372990
13.643080
11.869597
10.721034
-9.467936
15.410663
34.007701
43.733109
2.038862
9.006305
26.661219
8.977818
-7.204513
-16.405904
14.786040
-3.375328
32.136115
-19.524673
22.975340
7.760297
33.895481
1.417221
-6.295626
20.917465
9.565696
4.160209
23.156570
41.490437
2.286365
-0.455326
15.547712
8.003887
21.494061
51.064444
-2.503318
66.426746
-33.706211
7.916799
-6.892341
8.756044
-27.323977
-7.422545
-8.585334
-7.414236
6.434353
37.940383
19.334473
0.211356
11.225414
-9.161037
-12.883706
4.408392
-23.640624
-8.092156
7.031920
57.830421
-9.037029
16.105437
-14.487402
12.554775
33.472240
-8.655961
-2.613266
10.255381
-35.500882
-3.946866
9.286277
49.459591
37.665597
-39.157811
5.700729
32.911828
1.772699
-10.234022
20.149825
20.119913
4.491553
28.325195
5.026614
-5.304752
-0.010734
-56.135884
51.565765
-5.396914
-22.993579
-5.261877
-25.178489
31.521509
34.161432
33.927664
13.606487
-3.372706
-4.959890
9.984249
-9.440776
-2.105259
14.612218
-6.609660
3.979498
-14.816106
-21.621408
-38.362427
-0.888041
44.581047
10.697717
43.398669
46.537612
41.965856
12.917804
0.731296
-3.693627
41.184446
2.525514
19.191473
17.953870
21.494770
58.732624
0.390647
30.582725
26.695843
-24.277328
20.772231
-25.410445
0.354165
-22.451846
-25.374908
-9.353613
22.884524
10.732670
4.394907
30.081903
1.111749
24.625672
55.696331
-9.717827
-2.755965
41.086369
10.458945
36.427820
13.956602
-24.951176
39.206900
-1.735653
10.984038
7.190835
-7.767093
5.046499
15.441526
-7.006301
-23.431125
2.474764
22.076597
29.304725
30.436505
27.277457
2.421664
-17.817436
10.034398
-5.744079
7.483900
28.656073
-1.262556
44.022319
29.741279
2.608111
13.288527
44.832183
51.061207
53.892527
-35.045414
54.509946
37.273527
21.459464
26.266678
-1.029790
-4.408513
17.795161
-4.900448
17.253365
6.352864
-12.705850
6.124948
6.380458
22.288183
42.298922
-22.832658
53.656178
16.696927
51.202761
-4.617761
29.427318
-1.864238
13.706541
2.247795
53.202776
20.345867
-29.730530
-19.696489
8.229285
6.870277
-18.213742
-2.563892
24.140354
9.097727
1.860429
-5.785188
41.623667
5.652930
28.436342
-14.357189
20.357331
31.913570
-22.919915
21.312227
15.144852
37.805881
43.812318
-1.134216
5.705241
17.068824
43.203351
6.110055
-14.479737
25.343019
25.592750
20.730745
3.222670
27.233960
11.503984
-6.829456
-12.598917
29.795123
4.977388
5.915773
2.441403
-24.271490
33.989740
30.397893
33.689773
13.539636
19.294238
32.341259
-36.012586
54.124437
47.059465
27.101560
11.475159
35.536896
42.871680
22.447333
15.517028
-22.655727
-14.516487
14.136804
24.529059
-10.654666
20.154419
-14.742305
-0.740025
0.637206
-65.563007
21.128039
-3.153127
3.236217
10.681609
18.840663
5.451847
5.138508
43.036985
19.332332
28.417377
-8.709379
25.901693
4.440042
23.960039
0.658300
-9.351080
24.629355
10.469303
3.194150
-12.199975
24.680788
23.863217
21.926097
11.780234
0.598158
-0.921939
32.141659
7.969046
-4.035005
35.570784
5.548273
-36.610781
-31.965216
3.536314
-1.471945
2.393811
-4.667805
25.552287
5.865281
-37.057955
27.114367
-20.381325
-14.135356
21.047887
13.674026
22.233581
37.521463
-0.786210
21.945281
11.318935
27.177819
-2.219017
20.888807
24.767869
2.928847
21.236325
-0.537013
-23.616041
16.887769
26.134241
-7.106625
-5.425623
-1.354658
-36.191823
43.196925
-6.840105
-5.680666
-3.003373
-0.673666
-2.957532
87.246616
14.279525
-3.168732
5.881837
-13.705625
-2.054120
-9.442771
-13.666109
-5.208549
22.004954
21.933052
19.222732
-0.106145
3.341828
17.272796
-9.096928
18.809793
-18.373107
2.230583
-11.446677
-8.773192
-19.500528
-31.683370
9.457503
-28.289796
10.829562
22.208031
17.139117
-1.329957
3.293994
-18.418412
12.506620
46.018524
43.647045
20.410475
13.572096
35.459955
22.766804
-18.311416
18.246721
20.507880
54.047630
-5.583154
-4.231003
44.159386
-1.510150
-22.808897
33.010472
18.105590
27.823760
32.013608
-28.254129
40.660259
-48.849058
4.968562
-0.269506
-13.615138
38.621177
-10.980373
16.080403
-43.331918
22.310560
-8.679620
-11.937142
8.576738
-6.022136
7.999610
-39.779088
4.468947
13.978416
20.437664
-4.694412
15.526189
-13.500843
-13.102888
-15.763066
-11.953123
-2.060407
33.188353
8.857300
-22.189400
34.771893
27.712894
-42.867845
10.387049
8.955970
-26.760502
22.797493
23.235565
29.191419
16.371597
35.957308
17.053602
-12.030732
16.507263
-16.667222
14.858071
5.882784
-38.920795
-1.187174
31.261878
49.640829
44.716673
19.570632
5.008963
-2.043322
-12.504854
31.344906
17.897147
-1.053130
20.249588
-9.357068
21.760282
-6.118770
10.879433
25.338579
21.237312
24.086324
-17.815138
8.087146
14.047302
37.373182
14.774912
10.005172
32.308028
-28.234880
8.769368
12.848533
25.083075
24.073584
12.921538
2.217609
40.371628
12.330790
8.059716
-23.753840
48.523553
40.112658
-54.546683
9.413834
-7.797561
18.498745
29.775501
22.991272
25.631449
14.057654
-1.171293
47.481466
30.901583
-17.499814
21.696988
36.327017
18.276817
24.825839
0.515655
-1.855408
17.985686
5.385309
8.623485
-31.270849
-21.256731
25.748306
-12.494975
-1.969640
6.567677
19.117363
6.088928
15.507974
10.899804
23.733478
-6.853037
15.691708
10.883639
34.741380
5.010172
-9.775034
13.183422
41.211385
12.341759
11.485698
26.259354
46.853450
48.307844
24.592391
37.513922
1.953343
39.095601
14.260326
-20.077118
24.685953
-8.246938
37.768946
32.608207
17.798668
-13.453376
20.351222
0.667365
17.523630
45.687902
27.321202
-4.220291
-2.468688
17.633436
-16.702550
-2.783127
18.753875
20.993012
8.232948
5.325697
-1.459300
15.049342
24.782937
2.886980
23.540906
11.848196
46.265880
-26.538070
-0.600735
25.005306
26.426166
37.992976
-11.125042
-1.689509
-2.313349
-13.578185
4.740789
34.545425
45.249631
17.958604
-1.162934
-1.982465
27.584376
16.914553
4.434539
25.067643
3.201988
-15.050803
-35.618646
13.859978
31.874556
22.377574
10.956121
-11.477816
19.445606
7.907461
2.567309
8.961336
54.592648
-11.441475
-16.786380
30.626575
18.624400
-24.042576
39.551763
53.725612
14.673325
3.247411
2.339962
27.327247
-45.210656
-1.716012
33.210576
27.776540
-11.763810
-9.975445
5.366564
21.466863
18.904970
-8.129666
-6.868382
-18.721442
2.260542
-27.699233
-14.549840
-24.520614
39.016735
14.233504
5.941434
62.451514
-19.115563
12.534229
0.633986
-6.064345
0.908755
17.366644
-3.322219
-16.315900
15.858948
-21.084200
-0.964125
47.099198
-4.011944
-0.318714
-14.432525
8.522136
-5.452321
11.075018
25.628649
-6.316196
35.845235
26.655120
-16.947304
33.618426
4.509613
-24.833204
-15.667385
27.838758
-26.516366
37.401398
7.289091
26.253868
8.214554
0.287151
-10.900908
19.214392
1.785976
10.169732
30.873351
22.839742
8.071767
-20.962475
10.746660
32.494426
9.387514
28.953485
2.963363
27.771282
2.218660
52.382856
30.359453
-17.036405
-16.283222
25.892271
-3.932519
25.304399
12.883095
-4.541938
20.487415
0.691795
-16.044143
-14.836128
24.109329
-17.822064
5.049621
8.587240
-1.907516
35.663701
11.650625
10.031499
-5.947038
18.518676
15.845095
29.909515
-17.312063
51.406695
14.013936
33.868946
-13.549096
21.453242
5.572350
39.329994
26.094682
26.073719
-9.055768
4.913359
-0.854254
13.053685
-22.273190
5.350206
2.583898
13.840108
-1.718026
17.581413
18.898259
23.254332
-11.902384
2.158651
-11.903762
24.697346
15.854030
6.524201
36.249735
0.092595
20.161978
11.918423
0.778567
-0.349703
-25.686437
-24.210169
16.678979
24.188846
3.525355
15.704796
-13.804611
-6.297318
37.302698
73.043904
1.870343
-19.557354
21.728988
14.516779
24.259156
-6.106497
12.096717
20.360700
-14.031989
16.728909
10.763298
-6.310737
12.904112
7.948722
-22.038549
3.205633
-2.413169
-2.264520
29.374151
1.219180
-6.582089
14.712873
6.774393
0.725561
17.281009
-3.931776
10.987945
-3.755835
12.738152
-1.271949
3.408102
-8.717545
1.525682
