-17.68
-2.47
-6.72
28.28
29.25
-22.27
23.36
-5.07
-24.37
4.46
14.27
31.45
-1.92
35.95
4.39
12.94
4.96
2.96
1.76
-32.09
-3.72
-15.30
9.33
16.63
-0.33
1.43
29.91
-31.38
52.16
30.36
25.91
1.10
8.26
-30.42
41.86
36.09
-1.09
-35.51
4.45
12.85
3.96
11.62
14.14
3.39
30.61
42.86
3.17
-22.84
-9.45
-24.65
5.33
-25.25
7.87
-16.34
26.66
4.57
-4.91
-6.85
-26.44
40.52
-1.01
16.37
31.52
14.86
-9.46
17.56
26.52
24.11
6.81
-10.72
-5.39
1.53
1.90
-11.76
39.90
10.07
9.92
16.00
-20.39
20.44
7.95
2.52
-9.34
-8.32
-30.61
23.85
43.86
-11.40
15.03
-4.63
-22.82
-0.36
17.39
20.24
19.44
0.35
12.50
11.26
53.72
30.72
-10.98
-9.72
17.89
-16.81
-8.65
1.24
-3.04
3.70
19.42
36.85
-2.62
29.38
-10.26
21.75
-10.43
30.01
7.20
39.72
15.42
15.85
5.13
34.70
26.95
-7.25
17.67
11.00
11.00
39.04
13.59
7.15
8.21
18.06
29.90
-10.34
-17.04
-13.32
10.72
-22.21
3.50
-2.22
17.06
-6.97
-13.13
-8.32
10.96
-13.39
-28.74
-1.22
18.95
20.09
-1.16
-9.98
9.51
-2.89
-6.10
44.22
47.98
26.33
-14.04
-1.24
12.75
7.30
9.21
23.28
6.66
29.19
-34.46
31.44
28.24
9.47
13.71
20.71
5.74
-16.41
-2.58
32.48
-14.82
6.56
-12.61
-8.02
7.99
-46.51
-14.64
-11.64
7.39
-30.53
21.00
1.46
0.32
22.17
48.84
-7.93
-19.73
25.30
32.56
-10.32
-10.56
26.31
29.87
-3.91
18.17
-3.68
27.80
-38.93
12.65
-1.03
2.35
36.46
-18.46
2.82
6.84
37.99
9.16
-7.94
53.65
-2.56
0.12
9.09
21.76
18.57
22.03
-4.85
-27.88
8.86
28.99
26.60
-9.06
16.55
18.89
-11.73
-24.00
-7.69
17.79
16.72
15.52
2.28
-3.01
0.12
19.28
-1.74
34.56
7.86
-6.68
-17.82
42.03
5.07
-31.83
-18.74
7.68
0.74
4.16
24.41
-11.93
11.73
-5.19
19.12
7.61
-6.17
10.43
11.98
10.30
-16.06
-4.79
24.68
20.35
24.38
3.46
-22.08
7.23
11.86
-3.24
28.71
-18.62
18.56
-5.71
0.15
-33.02
24.31
-7.71
16.88
2.77
18.70
1.57
-1.17
35.11
-4.55
-2.18
-13.03
23.62
-16.63
15.95
25.08
5.71
-16.75
14.27
30.40
24.19
10.96
-34.09
14.02
25.64
38.73
37.98
5.90
9.94
41.52
41.08
4.28
-3.32
27.20
20.65
28.19
11.93
-8.36
0.73
11.02
7.83
-19.14
20.41
15.98
18.08
-7.80
17.99
10.40
52.43
-10.88
-2.28
-15.06
-17.32
60.55
27.53
18.44
-12.07
6.29
7.19
-0.01
-24.01
18.84
-4.69
-1.82
1.10
-9.41
22.50
9.26
-6.40
-2.75
8.86
11.89
6.69
-5.74
36.69
3.20
27.28
17.47
55.51
19.29
-8.11
-4.63
-9.59
15.99
9.43
23.25
7.61
-9.04
-15.87
5.42
-9.64
41.81
32.43
-1.67
43.77
15.65
20.48
6.50
15.39
18.78
6.36
-27.42
-5.25
21.42
-4.24
22.40
-28.51
26.95
3.70
15.06
67.66
5.04
-5.39
10.26
40.27
17.93
11.31
-10.21
17.65
31.83
10.63
39.69
6.84
-6.43
-5.72
-4.98
37.40
-19.24
3.47
-44.37
39.03
-15.03
-11.99
-49.85
8.23
14.04
-17.27
11.12
7.39
4.97
6.86
11.91
15.91
35.04
-20.79
20.50
6.89
-4.39
14.66
-8.96
15.40
31.46
-37.96
17.26
-26.43
17.37
21.53
46.84
26.86
13.43
-17.36
5.13
9.95
26.53
18.93
7.24
5.81
16.57
-5.38
-7.62
-4.41
1.37
3.37
-1.87
13.71
28.12
-13.08
-8.46
24.79
5.28
-30.01
21.49
-5.88
43.95
20.08
29.60
4.46
-8.57
29.41
7.54
-9.09
-15.02
6.83
4.30
49.01
-5.43
13.69
16.31
17.99
-24.88
-15.21
6.08
21.22
-12.67
3.56
10.52
18.69
-8.61
7.06
12.64
31.81
24.76
-54.55
12.26
15.53
-2.69
33.11
9.60
3.19
4.00
-20.44
-9.16
35.82
0.50
-17.78
9.01
41.34
16.23
-33.05
6.95
4.85
6.53
2.15
-8.68
67.87
9.51
17.52
13.03
-44.92
10.70
-28.73
2.36
-17.52
-21.24
1.20
-25.14
-27.51
2.72
15.25
-11.77
4.42
42.65
40.80
18.18
-1.76
-12.24
30.80
23.16
-7.31
6.77
-5.99
26.09
-11.56
10.33
-23.65
13.64
26.39
32.82
10.17
28.08
5.34
6.00
6.30
-19.12
-17.82
42.64
-17.38
14.21
10.65
-7.58
41.53
22.45
23.91
26.00
3.46
33.24
24.84
0.53
53.06
15.34
-11.89
21.87
9.15
37.07
20.54
-15.11
8.94
2.72
29.16
25.29
9.34
8.53
-11.57
16.30
3.60
24.16
-11.78
33.80
0.58
-26.98
-6.23
-13.62
13.23
41.58
48.71
2.17
-12.94
2.93
21.08
-4.11
44.80
-5.91
8.24
35.58
1.93
13.95
-12.14
-23.08
-17.50
-3.81
-34.74
26.93
12.21
-4.65
87.24
5.94
31.81
17.04
10.34
2.07
32.60
3.45
22.36
10.36
15.97
16.45
-24.99
42.87
-10.66
30.24
26.48
4.76
41.49
-30.70
55.38
-39.90
-3.07
22.36
22.48
-6.03
-14.23
60.36
31.06
-17.15
5.97
2.28
2.72
40.39
-21.53
3.68
2.38
-51.87
-4.17
-20.99
8.94
-18.65
-5.00
-0.09
6.85
-8.93
8.65
14.71
33.45
12.61
28.45
30.39
21.94
19.03
8.76
10.91
43.59
35.53
21.16
25.35
-23.57
12.48
43.61
20.46
30.44
9.44
13.90
39.93
18.57
23.44
-43.34
-3.06
24.61
-14.33
20.95
11.78
8.94
24.65
-10.92
32.13
-2.44
-1.69
2.66
-35.38
10.07
12.33
-19.07
-23.02
44.60
-2.68
-3.33
20.61
4.04
38.36
12.54
10.27
14.29
35.92
25.10
11.70
15.38
-0.79
33.37
25.03
14.46
10.44
-8.66
14.52
38.67
5.19
40.17
35.83
26.70
26.48
13.30
40.85
-8.69
15.70
-8.17
-9.36
48.62
19.76
-13.06
-14.36
34.40
-9.17
7.56
-12.06
11.06
-1.30
15.74
11.11
2.40
-4.56
9.53
-1.87
16.84
6.39
2.52
36.98
19.39
29.64
-6.06
28.16
13.43
17.82
16.30
-3.47
-9.51
49.99
3.22
-2.87
32.05
-6.69
-3.68
22.57
38.05
39.14
-13.37
27.23
7.97
-11.44
23.88
18.75
19.32
5.59
5.25
4.43
10.49
16.01
22.57
44.34
1.20
-3.01
2.39
-9.84
-1.63
28.29
-30.11
19.37
22.99
-17.15
22.38
-1.77
-6.17
13.19
20.28
-1.64
51.14
38.77
56.20
25.95
15.05
-9.53
30.46
-36.61
58.54
23.06
15.61
36.03
21.92
16.42
13.52
39.20
25.39
20.80
-16.46
-41.12
-1.04
-11.38
-9.88
19.01
-14.51
6.96
15.37
-7.32
-15.80
-12.33
8.33
4.03
5.62
21.52
3.90
-14.36
4.83
18.43
3.20
28.07
37.93
7.64
33.76
15.85
1.42
15.50
-18.34
-13.69
35.70
-16.93
-22.03
-2.95
7.64
-0.59
-7.11
-9.27
-1.41
26.10
-24.04
-2.13
25.48
-5.45
27.88
6.14
8.58
26.37
15.98
19.97
-12.36
-9.81
-11.91
30.14
35.71
39.89
38.92
3.78
4.73
-12.11
10.66
-4.00
12.65
15.52
24.33
4.57
28.87
15.40
-2.44
-5.49
8.79
-42.87
5.05
-16.51
30.62
58.74
10.90
7.75
37.73
0.65
27.82
25.59
-11.44
32.45
37.10
27.92
-8.64
-23.32
-42.67
7.51
-22.99
-4.03
-26.55
-5.18
-33.83
3.93
21.29
-24.38
-30.36
28.29
-43.18
20.84
-10.96
14.46
-8.85
10.46
11.50
-4.68
25.33
14.51
44.45
10.44
-5.11
-0.54
42.91
44.89
-10.55
-8.96
-7.67
16.69
21.19
6.24
-6.68
-2.36
-7.30
16.65
1.57
14.88
-6.77
37.08
39.22
0.82
2.32
-6.45
-21.63
14.24
50.74
52.01
35.58
5.94
-32.07
12.45
-17.08
-3.96
9.04
4.26
-17.95
-2.27
12.73
-26.39
-4.31
-19.12
9.11
30.63
15.70
18.47
2.93
43.83
-5.01
40.37
9.30
9.94
38.02
28.10
8.62
-2.26
28.21
-30.16
-3.20
-24.79
43.20
11.04
12.07
2.95
24.95
27.43
-17.64
-18.10
23.02
-1.46
21.75
16.08
8.03
-1.34
-22.37
-0.41
31.26
-19.86
-0.35
33.86
19.96
-22.36
-31.08
1.81
45.90
30.82
4.00
-25.45
-37.21
7.99
47.25
31.95
27.49
-13.13
-1.40
-14.44
7.00
21.42
4.19
-12.06
34.04
-16.13
-1.47
24.45
37.94
-15.63
-11.05
-26.67
39.82
3.94
30.47
0.51
6.33
24.78
46.65
44.75
7.12
9.78
11.99
5.07
31.07
-27.17
-3.42
39.97
-20.85
22.77
31.18
12.37
-15.27
7.41
39.87
-3.88
13.61
22.83
16.51
18.01
-9.00
8.98
-17.64
3.44
40.31
-30.76
36.34
38.41
-8.22
-17.75
13.35
24.73
14.82
37.74
-16.05
-35.84
17.89
31.25
56.64
25.33
17.86
30.36
-27.69
30.32
-4.23
8.50
18.76
-13.06
9.95
43.73
-2.60
16.24
-4.33
15.48
-13.30
13.64
16.15
-0.28
-10.66
63.88
3.18
4.11
-12.61
34.29
11.68
22.31
31.17
29.02
-4.25
1.10
32.46
21.32
-0.87
11.04
-13.34
20.82
-0.53
-26.44
-4.32
5.88
29.58
-25.38
42.97
-1.04
12.25
-33.52
-9.45
11.19
46.75
-3.24
-26.14
-18.10
6.09
-7.89
8.89
40.10
-9.62
24.16
26.46
0.08
15.81
1.36
15.77
4.65
-11.08
-46.59
1.87
12.63
18.97
2.67
22.81
-22.19
37.12
6.90
26.55
51.18
-27.91
-16.50
10.83
-15.95
0.66
4.88
-7.97
-1.10
20.87
12.53
-7.04
-7.22
20.77
-1.01
9.55
8.16
-12.59
32.28
-0.77
1.51
-1.74
51.65
22.94
23.10
10.38
-14.73
3.80
-21.68
19.23
-21.46
0.40
-7.09
7.82
15.52
41.21
27.71
43.70
33.56
15.87
29.26
-8.82
19.23
-4.07
3.15
11.94
-17.83
2.60
39.20
37.39
-36.53
4.24
-1.50
-7.75
8.51
4.96
20.91
14.62
-9.47
-20.34
14.79
24.13
18.52
1.57
37.30
8.30
-5.54
1.36
28.70
41.06
11.97
-4.02
7.71
-34.99
-4.48
5.42
19.80
25.17
19.05
-12.04
11.26
-9.16
28.07
2.65
14.19
-20.88
26.23
18.72
35.57
11.74
-24.53
-3.02
12.49
-8.25
13.09
16.17
2.18
-5.91
43.52
6.80
2.44
10.23
-29.23
-13.21
27.33
24.20
18.00
35.49
28.03
13.13
0.85
33.89
-11.49
15.14
45.13
4.13
19.57
19.55
11.05
1.14
44.52
25.67
15.46
7.41
12.30
-8.58
14.40
-8.70
27.46
20.04
3.65
4.00
3.18
12.18
-11.71
3.20
23.82
32.73
27.14
4.57
25.49
23.76
3.03
18.16
1.21
-12.06
13.05
1.79
8.65
35.25
-33.51
2.47
0.27
-5.03
60.65
54.95
-19.98
40.66
-9.50
-0.05
-10.57
9.85
-15.44
27.10
-18.66
17.82
4.03
-11.13
-1.33
50.91
19.38
1.99
24.49
-9.73
19.50
15.83
31.25
62.73
5.65
-29.42
1.90
5.43
-13.81
-17.32
8.45
-12.71
43.56
0.90
-8.25
8.85
-7.38
-12.88
18.61
-8.88
29.91
-11.90
-14.29
21.29
48.82
14.53
6.14
4.90
6.43
27.25
3.57
9.56
11.36
37.52
38.83
2.88
-16.37
32.50
24.36
4.25
-8.04
0.76
-8.59
-1.66
24.14
48.23
-23.70
3.96
23.23
7.00
0.15
-10.40
7.22
53.96
-9.37
1.32
20.89
22.98
20.52
-35.75
8.25
-28.34
24.50
-0.99
-14.62
5.72
17.05
16.31
-0.64
9.27
13.84
-13.61
10.47
-14.71
29.32
1.93
28.30
40.95
25.65
16.84
-57.05
9.66
41.75
9.38
13.51
12.71
-0.68
30.00
-9.38
10.81
-11.26
33.15
10.68
6.78
6.42
57.10
-1.97
-1.69
13.32
23.96
22.23
8.43
43.85
-12.08
1.82
-14.28
8.50
10.70
-3.56
13.02
1.26
-18.32
-7.85
6.95
14.98
-32.99
11.86
-8.82
18.84
26.32
9.18
13.95
10.98
41.47
9.05
56.22
32.17
16.25
38.16
15.27
-12.51
-2.46
0.08
30.45
-13.24
54.11
4.16
-6.63
-20.56
-0.16
10.49
-15.03
37.14
-8.42
-31.84
36.08
23.26
1.86
11.09
33.74
7.50
34.62
48.08
11.07
49.72
-22.80
24.90
-9.86
-13.08
-15.50
-15.84
30.89
-13.60
33.59
33.26
-9.90
8.41
-1.39
-12.20
19.46
31.73
0.53
4.92
6.76
24.37
-0.42
0.16
19.42
21.23
-10.48
-7.37
-0.32
31.08
-35.29
18.75
-22.75
4.27
61.29
-8.44
-11.62
-10.80
30.40
12.34
8.26
7.89
14.70
17.03
9.33
7.76
24.07
11.17
-8.83
22.02
-23.01
-12.63
40.37
39.70
-2.50
17.54
39.31
41.34
25.22
25.85
-16.67
13.52
7.69
48.79
48.13
43.11
3.24
43.36
-26.49
32.64
-30.18
-2.15
-40.70
-10.40
-15.51
40.27
-3.85
30.93
-0.91
19.11
8.21
25.68
23.43
-1.66
-4.79
35.68
2.64
-29.00
34.05
13.23
21.24
5.87
31.35
40.50
3.55
-28.26
-7.21
-35.75
22.43
12.59
-2.97
53.96
19.63
22.06
2.15
31.62
-18.42
-18.36
20.15
4.06
-10.30
-34.41
10.37
17.72
9.44
25.55
-0.25
-12.29
20.34
-0.65
6.11
53.89
29.40
2.95
15.67
-6.20
-7.68
1.31
-5.17
26.55
21.92
-0.17
6.99
24.32
-13.88
-17.93
4.87
-5.19
3.78
-20.62
-21.93
-12.22
-1.17
17.36
-25.42
-10.24
40.16
46.72
-39.71
10.00
29.46
-43.34
10.65
21.93
21.70
46.35
-29.31
53.20
0.70
16.47
-12.71
23.54
57.38
-3.94
27.40
12.88
-12.89
-1.68
9.24
-64.10
32.34
0.90
-7.95
-7.61
21.58
0.05
24.19
-6.03
-11.94
-16.13
16.57
36.85
8.24
3.77
3.45
-5.15
-12.91
2.56
8.00
32.53
-2.54
20.02
14.21
1.28
24.27
1.07
2.58
-2.14
14.19
-23.25
35.94
-12.28
0.95
32.78
-53.84
25.77
5.71
34.46
5.70
-2.11
82.96
10.16
32.14
-17.83
-34.09
8.30
19.08
0.87
12.14
8.36
-1.77
-69.37
28.67
23.05
-5.40
-23.97
3.20
17.18
-3.87
-12.74
19.65
9.32
29.06
7.45
6.72
24.48
24.79
20.30
15.52
52.54
38.19
35.74
14.07
-0.51
31.66
26.84
16.10
6.00
41.36
14.93
-1.08
-4.07
14.49
20.26
-12.10
-5.23
42.29
-37.33
18.76
8.07
8.29
7.49
-16.67
18.01
-6.69
-2.65
20.04
7.39
-1.93
-8.78
31.24
28.63
-4.78
46.35
9.26
45.03
-5.42
-21.67
-7.46
1.60
14.47
8.66
21.47
13.40
-1.97
49.73
32.78
-4.73
11.35
21.04
19.53
-11.44
38.34
23.22
-18.94
-21.09
11.02
24.99
14.68
7.85
3.52
26.13
44.15
-36.68
14.86
14.21
24.89
-18.74
33.47
17.66
22.27
35.36
-8.94
37.66
42.72
48.34
-3.58
-13.05
28.46
29.10
22.96
8.90
-10.82
23.32
9.64
-12.10
11.46
31.76
-15.51
30.95
20.00
25.75
-10.58
41.40
-0.34
-8.07
30.12
-14.73
-5.56
-12.43
15.08
9.82
44.68
9.50
-22.17
17.89
26.07
18.63
1.08
-25.73
50.28
-1.05
5.69
53.15
9.63
33.91
24.42
-14.90
-0.58
18.25
-3.01
10.90
53.95
1.63
19.83
6.78
-30.20
17.42
10.29
-5.49
20.50
3.49
23.68
-43.52
1.42
6.52
25.09
22.95
-5.07
6.45
14.98
-12.29
23.03
-17.21
30.53
9.04
18.17
16.79
29.71
-14.16
1.11
10.70
19.05
-17.55
28.38
22.89
34.53
21.28
-2.15
23.02
1.43
-9.60
11.48
7.00
13.76
-4.51
4.09
30.79
11.74
41.15
6.79
-7.01
8.23
8.67
35.55
-2.97
31.66
15.40
19.63
8.67
25.62
24.42
9.71
17.43
42.40
-32.61
-19.29
33.18
39.38
38.18
25.40
29.89
5.06
0.94
11.36
10.04
47.73
-1.48
-36.71
-14.01
0.44
31.63
0.51
-15.88
29.01
-7.27
-4.06
44.20
33.75
23.03
32.09
-10.77
13.85
-12.62
-20.10
1.09
6.47
9.88
2.37
25.26
28.52
-9.50
10.79
10.57
15.03
17.89
3.83
-2.74
22.18
-7.27
21.87
51.40
-14.55
18.12
-26.35
22.07
27.77
20.04
29.11
52.30
14.24
-4.97
-12.22
-3.61
-15.88
-11.55
-6.80
17.98
-13.52
-1.78
12.13
16.81
26.25
12.06
3.48
34.91
29.38
13.32
30.78
-10.82
49.51
-1.72
12.56
3.56
4.37
8.84
15.01
26.28
1.51
14.78
24.59
30.24
-13.55
45.83
5.30
-9.77
4.33
-1.65
20.52
-11.43
-8.19
20.50
-9.36
24.88
24.77
-26.63
-13.94
6.39
2.80
11.48
-4.08
7.58
9.94
26.21
30.51
37.80
6.52
-19.46
27.13
5.15
20.46
-24.46
-14.17
3.97
18.09
6.22
5.37
9.93
6.99
10.15
23.93
25.25
-32.73
-0.73
-16.46
-9.81
2.07
17.29
23.13
43.20
-16.15
-11.16
42.50
28.38
24.69
-22.98
25.34
34.88
49.08
54.17
6.87
-8.97
-48.67
16.29
10.53
-13.86
23.94
10.57
0.10
30.83
27.57
18.73
9.38
5.99
12.39
16.10
39.20
27.65
6.32
15.84
2.77
-7.09
9.48
-8.13
17.25
-9.94
-8.33
-7.90
-8.29
30.91
4.57
10.77
26.36
43.88
23.73
13.27
10.92
-4.00
27.75
-18.32
-39.84
3.44
-5.46
16.87
20.63
-6.99
25.54
-10.99
-10.66
-1.48
4.30
2.86
-29.57
-39.16
-28.58
23.05
6.84
18.20
19.44
-0.40
-2.25
1.88
56.08
8.98
-6.90
6.03
-32.99
-22.40
33.86
-0.34
7.66
36.03
23.76
23.39
24.62
24.59
11.54
25.24
-6.82
8.58
-20.75
16.76
1.54
38.50
42.83
45.83
36.23
-18.20
-1.13
13.53
20.49
-13.18
-8.09
-21.59
14.51
-8.76
-0.38
19.97
1.54
25.10
-1.28
13.35
11.94
-1.17
16.31
20.36
29.42
-10.58
16.14
-0.37
-2.83
28.49
26.26
15.24
39.19
21.80
7.39
42.91
-23.69
-16.34
9.60
6.15
0.82
7.95
41.09
36.24
25.92
30.93
11.49
-12.64
22.89
19.91
8.23
37.24
-21.86
14.40
4.70
8.00
20.56
-8.13
24.96
-3.74
25.62
-27.57
9.58
-1.71
20.12
14.85
22.89
-2.32
38.76
10.05
-16.36
-18.22
62.57
-12.64
-19.93
12.62
-41.42
30.27
-7.77
-35.30
39.08
41.08
-4.34
-11.12
34.90
31.08
42.79
39.56
44.15
22.23
10.20
9.83
0.13
-3.47
37.59
12.92
-22.00
28.15
-29.00
42.81
21.25
31.55
-5.61
23.85
15.48
60.61
32.51
33.68
-27.40
11.64
-19.51
23.04
9.15
-16.52
21.65
31.29
12.12
2.93
45.10
16.74
43.16
-13.61
-1.25
10.95
-2.61
36.32
4.87
-20.00
57.17
14.46
5.91
18.65
25.90
14.82
15.37
-2.29
11.17
-32.46
7.66
23.65
9.06
20.35
4.92
29.34
42.99
2.96
31.60
-7.49
-21.21
22.55
-5.71
7.15
1.90
2.73
27.59
-2.23
20.71
39.23
1.43
0.39
1.09
-11.83
26.81
16.33
1.23
-21.89
36.73
-13.32
10.49
52.82
35.24
4.70
8.50
11.82
8.69
6.23
-4.10
5.25
71.07
-4.60
9.16
3.91
2.17
0.81
4.55
30.98
3.97
18.42
15.07
21.65
-0.41
-5.79
11.22
8.39
-15.50
13.93
33.68
23.36
17.97
12.26
-6.15
-20.58
9.66
1.15
4.59
41.29
-5.54
2.27
18.55
7.27
-25.46
14.01
3.22
-1.30
12.74
25.72
57.77
-9.36
-2.51
15.07
5.13
8.07
16.51
-0.96
19.50
18.75
34.12
14.24
9.07
36.28
3.13
2.22
12.42
4.55
13.68
-18.39
60.05
-11.39
22.63
17.04
-24.82
3.70
16.55
44.12
0.19
7.84
-0.76
5.60
18.45
-6.57
37.75
28.41
13.88
-9.81
15.03
16.47
36.70
2.37
8.22
-12.11
-11.77
-10.99
-5.54
7.91
6.24
-11.85
20.71
16.86
34.57
11.12
-15.63
21.23
22.97
11.78
-39.22
19.26
-11.47
60.92
7.85
12.73
20.08
23.43
6.89
0.95
-1.18
21.74
-27.72
-8.10
11.75
2.82
25.90
7.16
26.13
23.79
25.80
-8.05
2.77
5.23
14.70
0.15
14.38
49.56
-27.51
18.37
-9.05
-25.60
-9.65
-13.19
36.40
32.12
-3.48
-9.17
0.23
-4.37
18.80
-47.54
39.96
28.22
-1.43
11.52
-3.53
21.45
10.66
0.93
11.41
7.45
8.41
5.64
10.41
28.23
41.49
5.54
16.94
5.48
19.77
-24.82
-1.33
12.92
10.19
9.26
6.45
12.18
21.45
15.48
21.15
26.24
24.69
21.75
30.14
-21.15
-7.53
13.48
-5.20
14.83
-1.65
26.59
23.85
25.57
8.59
12.88
19.84
14.26
28.81
-7.94
31.33
4.09
33.68
-14.14
4.62
30.35
-3.87
28.59
-10.67
12.82
16.96
31.10
10.34
-20.57
-0.07
-18.17
13.53
-12.35
32.34
1.56
-9.28
36.03
23.80
-0.17
0.22
2.88
24.78
11.54
-5.22
4.30
5.28
20.98
10.09
-3.70
27.47
34.54
-15.09
1.55
51.06
30.84
28.32
27.33
-15.41
8.68
6.79
10.64
-5.91
-8.72
31.51
-20.32
-2.88
-17.86
-18.47
28.56
-15.73
12.69
19.56
48.24
20.88
48.07
22.81
46.26
30.16
0.98
43.73
19.93
2.41
-12.20
-20.16
-9.57
32.45
12.27
37.62
8.47
1.83
2.83
13.89
-2.66
-0.30
17.95
6.53
4.11
20.29
13.04
30.08
20.98
-37.93
11.05
-0.26
-4.00
-15.72
-32.44
32.29
9.28
20.96
11.60
-14.08
32.45
-21.20
7.77
24.56
14.61
30.52
-9.21
38.12
-10.29
0.70
-4.26
-19.78
21.79
34.88
1.09
14.57
30.31
20.42
33.61
-31.97
35.87
5.70
37.22
14.88
16.57
-14.21
23.19
14.29
6.69
42.54
5.21
5.96
19.40
-1.52
22.25
41.88
-1.70
-9.14
14.07
-10.10
0.90
-32.80
24.22
22.69
-5.66
49.45
-1.42
36.47
-1.91
5.87
19.74
22.96
33.79
8.12
20.93
51.30
62.45
10.76
0.01
30.78
16.41
52.48
-14.48
14.43
2.25
-15.29
9.04
-16.84
39.74
-6.67
-27.50
-8.27
2.16
14.76
-21.74
20.50
-4.36
6.69
-2.11
34.71
39.02
-41.88
-1.37
0.69
-3.97
35.73
0.89
27.07
-23.71
-7.70
12.84
39.09
2.77
-3.81
14.39
0.44
-8.53
25.98
-2.77
-8.48
20.25
-1.73
-29.80
21.26
-20.02
18.75
19.37
12.76
45.63
5.57
10.07
34.00
35.52
16.23
-6.89
-7.07
22.17
23.31
17.25
60.85
-2.82
7.68
-5.59
-1.76
4.74
37.40
8.57
4.26
3.73
9.55
34.27
13.73
16.93
24.77
-35.67
7.51
-12.21
-7.38
10.48
-17.67
-0.97
23.07
2.08
-9.02
-32.77
-1.49
30.43
18.80
35.28
1.81
-35.14
-9.98
19.87
11.98
14.32
4.50
14.15
-5.91
36.18
-23.44
0.55
0.00
6.60
-17.97
6.69
-21.14
-4.42
4.04
32.19
12.09
5.09
-0.84
15.37
57.50
-1.23
-18.13
-5.54
-1.06
-10.39
-9.17
6.87
11.44
36.09
-8.57
6.70
30.58
7.26
3.29
26.98
-24.02
39.02
-5.69
31.29
-4.45
-24.22
-1.80
-3.09
-12.01
21.98
31.21
-5.36
30.24
-21.22
-13.87
27.52
14.39
2.16
-10.17
-11.28
-4.11
11.76
23.19
16.81
11.80
0.13
25.87
15.58
4.69
8.51
3.93
-11.38
15.41
14.54
-9.86
-6.41
24.07
26.32
-7.49
-0.09
17.22
-4.13
-31.94
14.82
26.17
-28.99
4.43
8.92
-10.68
-21.45
10.56
42.94
16.57
37.20
-3.56
47.71
54.08
-5.54
20.03
26.35
17.97
-39.93
-4.41
10.38
19.59
6.72
27.46
-10.55
-23.72
38.19
17.15
-16.62
37.51
13.64
31.02
-3.04
49.38
8.64
36.32
-22.92
-43.86
-1.54
43.76
22.74
2.28
5.76
31.77
1.75
38.91
17.20
46.73
-5.37
13.82
16.27
-11.80
-1.79
-29.24
-31.25
36.16
16.37
2.29
-24.53
-11.80
-13.36
24.08
10.97
49.37
-19.08
-36.04
-17.07
-3.76
13.00
40.31
-0.34
-11.96
4.53
25.35
47.85
42.23
36.89
-19.78
-0.93
13.84
-0.90
6.57
12.48
24.30
31.80
31.70
-13.39
27.58
36.47
-16.49
12.25
-30.66
22.03
-8.59
5.62
55.55
-2.00
-19.28
41.54
16.06
-7.49
9.63
7.58
-4.13
16.82
-12.21
28.61
15.10
8.31
-0.59
30.02
13.87
7.69
4.50
32.60
9.41
-0.66
-2.80
-29.38
5.98
-0.12
20.40
16.00
8.90
1.48
-7.97
-31.12
-1.45
-36.98
-7.74
-8.70
12.13
-16.88
27.13
25.94
39.91
9.20
18.86
-14.06
-6.48
-16.79
22.13
7.45
-13.11
18.24
14.28
-3.04
41.41
-26.41
-4.94
11.82
-21.25
17.62
-22.60
9.30
40.63
13.68
-26.37
7.32
5.00
60.27
-10.33
19.25
-8.54
-6.20
21.44
24.44
-9.54
11.70
24.25
-11.09
29.28
9.68
-6.88
12.50
1.64
18.87
-25.18
-17.62
-17.03
9.46
16.22
22.00
-15.35
-24.34
8.30
38.79
10.16
44.58
-1.83
40.59
44.73
-23.54
-0.87
12.19
-8.14
-5.41
26.88
29.30
4.10
18.60
2.81
27.83
0.09
14.77
2.66
-2.17
3.37
-28.85
33.36
3.14
-5.50
-16.95
38.01
-9.44
13.28
3.82
-5.90
23.39
-2.58
28.17
6.57
0.83
11.57
27.75
-16.12
2.24
4.33
-3.65
36.06
18.69
13.96
0.04
20.48
5.30
-3.77
-15.13
6.03
10.18
-11.04
32.42
38.55
-9.72
-26.74
0.65
4.96
12.65
-4.53
-22.04
2.87
9.25
22.47
28.48
-37.55
-22.53
31.16
-16.90
11.75
15.37
6.96
7.49
6.95
-2.88
-28.11
0.45
-13.50
1.55
-1.97
-0.29
-12.48
18.27
18.12
-6.28
-11.42
21.20
10.81
26.42
-12.51
16.93
15.95
-3.24
-13.45
28.09
-4.74
-11.10
-6.96
37.96
38.83
-11.03
-22.08
-12.98
14.05
-25.49
3.23
-24.44
3.29
-30.14
9.49
-4.98
2.27
-9.40
1.12
-4.64
40.56
12.03
4.88
6.12
14.85
17.71
-22.63
29.93
24.13
24.67
28.65
23.73
23.61
4.89
-4.23
20.35
52.52
16.88
21.28
-17.73
46.23
35.93
-8.80
-14.48
-20.68
15.74
14.67
2.71
-17.35
29.33
-4.98
-12.65
-13.19
9.35
-12.50
-3.91
18.81
40.76
-13.68
9.14
9.00
7.56
20.39
17.66
13.51
-21.26
8.81
-6.51
-35.54
-9.29
29.98
32.77
-26.70
22.87
25.54
6.10
10.03
-7.77
29.80
-2.09
11.84
15.20
16.80
5.91
6.04
38.84
-1.85
-4.87
45.29
21.20
6.58
27.76
-14.28
23.24
-27.00
-27.30
6.98
16.55
6.20
-5.61
15.04
4.02
51.73
6.12
18.83
13.15
-26.51
23.52
41.67
23.77
57.71
13.33
-3.05
3.64
4.46
24.05
49.26
9.98
10.08
31.34
31.00
-11.39
23.63
24.22
32.81
-53.90
9.35
20.11
-9.02
-18.20
-19.05
-12.29
24.01
1.74
22.19
6.14
7.62
5.88
-10.99
-26.96
-39.55
-0.22
40.66
4.70
21.96
26.32
6.20
25.16
38.62
14.81
33.77
7.38
3.03
-14.54
11.69
27.29
4.31
1.75
34.14
9.63
28.46
33.67
39.72
27.45
43.39
7.41
0.62
-7.28
-33.37
-0.46
4.66
-13.55
-10.23
-15.70
-5.53
-14.92
25.36
23.17
-2.36
-22.40
-3.29
-4.02
9.61
8.29
-16.85
7.26
-9.36
19.78
-5.23
-5.79
-22.01
52.03
-5.43
5.11
5.49
37.28
35.75
15.66
-21.54
15.99
37.43
-19.18
32.38
5.53
2.35
16.65
19.92
7.84
15.55
-5.47
3.01
-14.38
20.06
9.96
-3.66
6.94
58.15
1.10
-18.28
41.15
33.39
4.94
6.77
-30.13
-9.31
7.02
-45.22
-15.21
-6.42
27.58
30.12
11.69
16.96
-15.11
29.77
20.71
22.40
4.11
0.61
-20.64
20.68
-16.33
18.90
37.52
-0.55
26.12
-12.41
22.01
15.28
39.19
11.81
52.64
2.04
-0.24
41.13
10.34
27.26
31.32
48.06
2.13
-4.51
-4.51
17.79
-11.43
-29.83
-5.57
19.64
21.35
-5.93
46.53
9.83
25.92
12.76
-9.42
7.75
23.54
-22.81
-26.01
5.10
-1.20
30.58
12.42
37.35
20.53
-24.46
60.85
42.42
17.62
50.07
45.98
-16.79
14.36
-14.00
-28.11
14.29
14.36
47.43
-4.73
33.56
3.34
19.97
26.25
31.74
-23.62
9.68
13.32
34.33
24.38
18.92
2.35
3.71
5.18
14.80
13.77
8.75
38.94
42.63
70.57
-5.55
14.01
20.20
22.70
0.44
37.26
-13.18
12.09
16.93
7.13
-10.76
15.29
15.54
-36.22
31.14
7.96
-10.97
27.99
31.59
4.93
4.59
-0.78
-15.26
31.76
11.07
0.05
-11.48
23.86
28.33
8.39
29.79
47.43
7.64
19.98
2.60
-8.42
-9.35
-24.88
30.11
-12.56
1.36
20.08
33.82
-1.51
8.86
31.98
27.42
-18.21
18.25
0.65
13.28
2.80
-5.23
-36.15
31.89
29.04
12.94
-16.46
27.72
35.45
-1.78
-8.86
-6.21
-8.68
11.75
-6.23
36.71
10.95
21.67
-13.02
7.64
3.58
44.23
11.32
16.62
-6.99
29.94
-26.58
-1.44
23.55
22.79
-38.77
22.76
-1.18
-11.22
2.27
1.83
29.30
20.33
0.14
-24.75
21.63
19.91
15.38
9.88
59.86
8.23
49.35
35.52
23.07
17.46
-19.53
-15.10
16.85
56.80
54.49
9.12
24.03
4.97
15.85
11.65
38.06
-0.79
0.31
34.02
26.84
-18.76
-9.72
49.70
-15.29
-9.33
-23.95
4.34
1.41
-10.24
11.26
-6.93
44.90
-8.39
-0.28
12.49
51.03
-28.14
13.28
20.75
8.52
36.41
-23.65
-0.44
-14.75
53.46
19.88
-13.59
-18.34
22.57
34.78
12.40
16.90
-2.01
13.93
-7.51
40.92
-4.86
4.97
10.87
4.24
10.69
-0.27
54.50
9.14
6.43
6.38
35.66
5.55
17.33
-24.35
-1.97
-9.25
23.68
17.33
3.41
6.81
20.62
41.26
-3.17
0.18
-13.44
28.29
21.22
17.70
19.34
23.45
-12.91
32.78
11.52
4.32
-8.11
23.20
-35.10
16.70
5.52
3.66
-12.54
4.76
27.93
-29.76
15.73
-11.20
28.70
36.81
9.20
16.43
26.52
8.42
25.81
-13.48
14.86
-15.38
36.38
27.22
33.28
-9.75
-12.88
26.07
18.57
7.72
51.06
10.25
29.77
7.34
-10.12
7.50
26.81
-1.72
10.26
29.52
18.58
14.55
-6.77
16.17
2.31
46.15
39.19
11.78
13.95
9.63
1.33
28.86
33.80
-2.57
22.72
-6.48
16.66
14.68
8.02
-11.97
-0.53
12.98
5.49
21.66
14.06
18.09
-9.03
4.07
11.12
-1.58
17.58
-6.82
33.30
4.82
-0.20
43.98
19.43
-8.36
3.74
0.46
36.30
6.63
17.73
-5.41
16.79
18.69
1.68
-4.80
1.33
19.45
6.51
-16.14
10.16
31.98
8.49
-19.43
12.47
-15.49
37.37
-3.91
9.98
-3.30
-2.41
-5.42
-2.28
-13.53
-17.04
34.53
25.07
-14.04
-5.84
-25.91
-4.45
6.92
26.16
0.32
11.86
-12.03
-17.19
34.89
7.49
19.38
-16.43
15.44
11.63
28.76
1.43
7.99
11.52
11.73
24.52
11.08
16.20
-20.62
46.46
-6.48
8.95
9.63
29.48
30.53
1.52
2.61
50.10
37.29
29.50
-9.27
17.22
20.03
-26.52
38.97
10.35
-4.69
-6.07
9.56
12.79
7.83
41.72
32.29
18.10
18.51
31.60
39.20
27.67
29.50
-23.03
32.72
13.81
-15.13
10.46
-19.07
-19.67
12.78
20.43
5.36
-27.38
14.37
-33.82
10.04
-7.95
35.72
-2.17
-10.81
20.90
-1.18
29.43
24.59
-9.49
28.32
-5.33
44.94
20.43
24.61
4.16
-2.02
-4.27
-29.21
21.93
-16.33
33.92
17.30
-18.74
11.57
12.12
29.51
41.83
14.22
0.41
24.61
-21.85
37.15
-19.39
51.11
0.22
-8.04
-7.96
-28.29
35.77
34.49
4.53
18.06
-18.25
11.08
25.85
-13.63
4.87
25.49
-2.83
-5.63
-37.33
29.82
-31.23
11.57
60.20
34.69
-12.13
43.87
-6.83
20.07
34.70
17.43
10.32
-5.03
-28.58
20.97
-1.04
22.89
1.40
8.84
-3.85
-25.28
10.18
7.41
-12.28
19.91
4.01
6.13
23.40
51.36
48.76
-26.25
30.11
-5.21
15.02
17.97
10.20
-20.64
-53.21
14.05
-23.97
25.30
1.39
28.34
8.78
27.29
-3.89
10.13
19.69
-3.26
10.94
49.70
9.54
15.93
-4.02
17.16
15.91
32.91
51.20
21.51
22.26
12.82
16.91
-2.31
-0.49
6.58
39.54
13.64
8.16
20.50
33.45
16.79
37.43
-48.19
38.83
-9.45
5.72
2.39
-30.19
6.49
5.93
-13.56
-0.15
-4.79
10.68
24.91
-1.61
56.99
-16.39
13.79
20.56
-6.47
25.57
19.86
5.27
17.43
15.50
23.18
-1.90
45.78
19.85
-25.60
4.31
-22.13
40.45
6.18
35.32
5.98
4.36
29.95
-0.16
4.93
5.61
10.45
-10.26
2.38
41.36
50.68
2.96
15.29
33.31
26.57
-3.98
6.42
-42.15
19.59
15.86
13.38
3.00
-7.41
19.92
19.33
3.87
2.52
16.24
36.51
-22.03
33.61
0.43
23.64
24.37
5.35
-8.53
29.12
1.93
23.80
30.52
-34.99
16.51
10.03
13.85
31.48
26.06
3.24
18.57
39.69
33.48
12.85
-31.33
6.85
1.89
24.20
52.76
-26.14
11.55
2.32
-11.91
2.90
-6.38
15.12
4.47
28.27
-25.00
-9.24
19.34
0.39
36.14
21.84
-29.97
1.85
2.09
7.60
11.82
2.12
50.28
37.80
-1.76
27.13
-9.47
-26.00
69.57
14.22
-16.91
18.62
31.58
20.66
5.45
25.43
-5.54
6.44
12.23
-25.94
19.15
14.36
25.84
47.81
1.52
17.87
42.41
23.87
13.56
-6.09
3.25
7.68
-9.29
-20.47
38.66
11.27
29.97
12.68
48.42
-7.47
18.59
36.63
14.13
27.16
19.44
19.56
-2.55
4.64
27.22
-6.04
-16.70
8.43
2.24
13.29
-13.53
-0.86
-1.58
0.83
-26.05
-8.10
37.99
41.72
-4.33
17.81
15.32
33.02
12.21
9.21
18.26
40.43
39.92
8.97
-19.37
21.95
17.51
12.58
-24.96
6.18
-29.16
-22.99
12.16
6.98
-27.53
5.06
21.02
-7.42
-8.91
-28.96
-34.19
5.50
-12.89
17.56
12.09
4.01
-7.52
8.83
-17.58
17.65
36.32
29.07
26.30
24.06
32.86
9.42
2.22
13.62
12.53
-3.53
-13.43
13.16
21.69
42.02
6.52
0.02
57.25
-20.94
-3.79
15.38
35.98
-1.46
44.08
50.46
8.40
-23.56
-47.02
-30.78
44.73
-15.43
-0.92
0.17
20.39
-18.67
13.80
19.00
-7.94
-12.15
8.81
25.61
-1.14
26.92
8.98
10.68
4.58
10.84
18.49
6.49
-4.82
0.03
-33.68
7.49
-9.98
-20.75
9.32
35.85
26.34
-2.49
14.19
21.65
50.37
26.84
8.13
-27.29
32.68
20.58
14.23
-20.39
15.81
8.23
-6.06
24.34
-18.04
27.16
1.85
12.72
36.91
9.69
36.46
-13.38
6.30
-24.25
4.96
-2.09
49.18
10.65
6.11
-10.91
7.09
-3.79
10.47
16.50
24.87
18.51
15.46
9.42
-2.70
39.48
-2.92
18.89
-0.84
-36.69
16.28
43.45
12.81
-18.00
-5.75
27.38
-6.92
47.09
-5.89
-11.08
-3.67
32.23
38.38
11.20
14.22
13.98
26.17
-20.96
8.43
-3.68
-22.19
1.32
-17.21
33.15
17.57
48.49
-28.13
18.32
24.39
3.82
-11.07
9.62
1.32
23.46
-26.39
12.04
19.95
12.22
45.07
-5.57
-19.44
-4.21
-14.79
53.97
25.24
-11.19
24.90
-1.30
-9.12
-13.55
4.69
-4.22
30.64
10.57
-9.87
36.80
1.84
37.34
17.78
-11.03
9.28
-25.66
3.95
37.23
2.13
2.33
-28.97
-3.73
-18.54
18.98
50.64
-9.07
8.12
30.18
-2.72
38.29
13.95
7.23
33.14
2.60
15.56
37.97
10.06
-4.71
-17.54
51.31
62.42
32.56
22.25
-25.94
-20.61
30.87
-0.31
2.63
1.90
8.39
53.18
19.19
6.61
0.17
29.42
5.04
10.42
22.87
-0.90
-35.35
44.83
-17.47
16.64
53.01
20.17
5.38
50.00
28.36
-32.40
13.52
20.84
36.95
-16.97
22.01
-7.76
3.28
-13.08
11.04
-11.17
6.16
16.50
36.73
3.50
25.43
13.97
26.90
-27.96
8.68
17.05
8.60
6.35
19.66
27.21
8.93
14.43
-16.46
22.14
-6.51
10.76
29.66
19.88
22.75
2.96
11.04
20.37
-8.81
8.37
-11.75
-11.85
56.95
19.32
46.28
-22.73
25.94
-24.94
1.93
-10.37
5.73
-8.66
59.70
19.98
15.66
33.26
36.18
16.96
15.79
19.38
17.95
-9.51
9.97
25.87
-2.24
-20.83
7.06
8.95
2.03
37.99
38.58
14.61
27.97
-3.17
15.18
-9.46
-6.66
-0.89
-5.34
16.07
-1.13
29.29
15.77
-7.09
20.01
6.13
-12.07
17.03
-2.23
24.60
40.71
39.89
-4.22
17.66
-15.20
-6.25
-7.90
16.64
-14.09
48.04
44.10
24.01
18.08
-5.24
11.83
25.59
10.84
22.75
1.74
18.12
-1.79
0.20
34.81
7.60
39.80
-10.97
6.35
15.79
27.97
12.44
7.11
45.24
6.44
18.77
24.10
-1.84
-12.78
7.78
6.81
20.73
-35.34
-11.18
12.26
12.07
28.46
-16.61
17.42
12.17
-14.91
17.10
7.91
24.13
-6.34
21.47
-32.67
-10.22
12.97
-5.44
-2.93
8.02
6.76
-39.78
23.93
-19.72
6.17
53.11
20.02
16.88
32.91
24.31
12.22
23.85
13.06
20.99
-16.26
-0.26
6.38
-37.45
8.76
-15.07
17.20
38.76
12.33
-15.83
-13.13
35.29
18.08
7.31
8.91
3.02
15.37
-16.69
-3.16
-1.06
7.19
10.40
-5.98
17.27
-18.57
3.20
36.44
-38.83
12.81
-12.06
10.57
22.72
-0.34
9.57
0.06
-26.23
21.49
4.57
40.00
22.25
7.41
-6.11
6.81
31.05
23.53
10.77
36.35
14.67
6.63
-2.09
3.49
-9.65
15.35
43.61
14.76
25.65
14.78
38.87
-9.82
26.44
7.88
-16.31
9.50
34.40
20.69
32.50
41.57
27.36
29.77
-0.34
0.78
30.74
-4.04
12.12
-12.87
-12.29
37.61
-26.81
29.05
13.72
-0.83
8.56
26.16
25.42
22.13
52.62
22.31
7.63
-18.65
5.48
13.84
30.20
40.40
14.06
-4.30
16.42
20.16
-15.31
-1.97
12.17
23.81
28.17
32.40
4.68
6.94
8.90
-0.64
-0.94
-7.10
10.90
4.03
22.96
-17.25
-7.35
19.91
7.35
-22.46
27.40
2.58
-4.52
32.18
24.67
-5.25
11.69
21.49
20.42
2.91
-1.51
22.46
9.65
-2.17
-1.73
26.67
14.93
-9.44
-1.03
16.32
18.49
43.23
-6.87
10.03
0.65
27.77
-21.02
15.64
4.08
11.62
8.05
34.72
-5.14
1.77
4.86
13.55
31.94
22.10
32.10
1.99
-19.46
3.27
0.63
1.32
-23.52
-10.62
-14.41
0.39
14.29
5.67
32.30
34.20
-3.99
9.43
-14.16
16.46
11.29
-15.93
29.78
6.97
12.81
-5.33
6.12
-9.08
1.34
19.47
-17.80
-17.50
-7.75
-31.10
-16.42
22.73
52.62
43.64
-10.02
8.81
9.62
-5.01
11.33
21.14
-15.30
13.59
22.49
17.11
6.60
16.16
72.87
-0.01
38.21
44.41
18.63
29.06
13.35
34.43
35.57
-19.70
21.02
29.24
37.28
16.53
12.94
67.07
-3.50
4.44
12.22
-29.98
-1.05
-0.75
17.43
14.62
1.15
-31.77
10.60
-11.68
-16.55
-0.27
20.28
5.86
8.80
-5.59
-6.52
25.34
4.00
-14.58
24.68
-25.13
46.15
-6.65
-9.92
10.66
-4.43
5.29
54.57
3.82
51.06
21.43
6.76
-24.05
17.78
16.30
-12.51
-24.14
7.68
14.78
12.92
35.98
22.36
-27.03
17.21
16.70
44.88
22.88
-19.34
15.76
35.04
-12.88
-4.79
-11.99
1.16
47.19
-13.24
1.69
-4.34
17.00
42.90
-23.65
-10.39
12.62
22.95
26.43
20.45
3.40
-18.79
-4.59
9.47
35.10
14.56
-14.86
-37.94
23.28
37.06
23.54
14.24
4.43
28.00
38.47
4.98
1.34
17.06
8.53
19.52
19.35
29.77
-18.72
-5.35
4.16
-35.33
3.21
-4.79
15.56
11.15
-33.68
15.93
-34.53
28.16
10.31
10.71
27.64
-2.41
13.95
9.94
24.98
-21.06
-18.09
10.52
-13.63
-0.63
33.25
15.06
3.83
29.30
-2.98
5.02
36.73
-5.57
-16.71
10.68
10.96
-1.57
10.58
-7.11
29.66
26.24
-1.23
-8.72
60.06
11.19
16.48
24.16
20.26
18.92
54.04
-13.85
10.96
33.18
37.95
26.14
21.87
10.73
-4.36
-3.41
15.30
40.25
10.80
-31.38
37.19
27.31
-9.20
-3.22
11.85
3.78
-0.09
10.32
-13.24
18.29
30.57
-12.31
24.11
-1.38
22.50
12.18
30.44
6.35
-14.44
36.74
-6.69
26.83
-6.85
14.45
12.26
-7.78
16.99
-5.63
35.56
5.56
-4.81
50.44
5.73
4.10
17.59
0.47
3.99
-5.77
24.27
39.92
2.75
15.97
39.12
-10.02
17.74
-25.07
-11.72
19.40
5.13
36.37
2.79
55.69
14.27
-20.39
20.02
18.31
-13.16
-8.46
26.97
26.85
28.89
-25.91
-21.03
37.65
24.03
1.13
14.50
-21.74
8.06
29.49
3.15
23.15
14.56
31.69
21.65
31.74
-2.55
-15.64
34.18
14.24
-1.39
-5.10
33.33
11.33
48.52
-0.80
23.06
35.69
23.72
10.08
22.58
-13.76
13.90
-4.62
-3.13
0.62
-5.82
8.59
-1.93
-7.77
1.95
-9.16
14.78
3.67
0.26
-40.43
3.00
20.93
7.77
-20.15
-4.74
-0.44
68.07
26.66
-24.22
46.01
-4.81
47.43
29.34
-20.09
-36.19
10.13
-8.44
39.63
29.55
28.62
36.29
-7.38
10.76
48.89
30.62
-8.52
-16.82
30.92
8.68
-34.82
5.94
29.22
8.23
-4.52
9.94
26.23
16.63
-3.04
2.37
-3.94
46.32
12.48
27.37
-11.23
43.68
-5.04
16.46
30.26
38.54
-8.49
31.52
-5.87
-14.78
-8.78
-12.80
38.38
-44.49
21.01
-21.95
16.62
-20.20
34.35
8.72
13.04
9.99
48.28
1.08
31.06
-2.01
5.59
16.69
8.58
7.61
2.05
-18.80
-10.88
9.17
16.08
18.75
6.38
51.40
-1.06
18.32
10.98
15.61
16.75
2.53
5.75
6.28
29.94
10.97
6.00
6.02
13.32
1.31
6.92
25.77
57.79
5.33
43.55
9.41
-37.06
19.31
39.01
11.99
6.89
15.54
1.12
26.63
5.31
21.68
8.18
31.19
-16.85
9.56
17.45
38.13
41.12
5.23
-7.90
-12.26
17.23
6.11
12.34
-12.19
19.69
15.42
1.41
15.56
-35.05
51.83
16.50
-1.06
4.30
37.06
8.02
4.92
8.19
-16.25
6.91
2.19
-13.78
6.74
2.91
5.70
8.36
4.95
-31.16
23.89
54.84
-27.80
2.56
1.92
-20.66
15.69
1.31
37.03
-5.63
9.82
44.25
22.68
-4.99
24.89
-1.41
10.59
6.64
18.14
-15.67
25.38
21.04
40.38
-10.31
14.26
35.78
-15.09
26.21
14.71
2.76
35.52
18.05
26.26
3.78
-9.04
12.84
24.93
18.80
-22.44
-7.75
16.75
-16.61
10.61
-1.93
10.86
-40.45
11.43
24.50
31.55
29.61
34.64
-2.65
14.70
52.30
10.12
16.26
-21.09
2.52
13.64
13.45
-7.72
32.73
28.23
-0.96
-7.60
0.19
-5.81
-5.35
14.19
42.25
-0.99
-30.08
0.60
29.72
20.29
4.43
53.73
-13.01
-10.44
45.16
-4.65
25.87
0.82
-0.04
42.65
5.24
72.77
14.41
32.61
66.50
6.97
8.65
47.24
30.78
7.68
7.60
-25.21
3.44
8.97
-7.97
4.03
-16.56
-3.53
-56.14
4.19
-11.00
17.13
17.92
-31.80
3.39
34.80
-7.90
18.14
32.58
-6.42
12.85
10.92
-7.09
-22.00
7.71
6.29
-9.77
11.25
62.88
-1.65
-31.77
-28.52
9.81
-3.25
-4.54
37.89
26.39
-4.13
6.43
1.62
-25.23
-29.43
1.58
43.80
-3.48
27.26
-1.78
-2.07
10.56
-21.99
-39.60
27.38
-26.20
27.04
9.80
-15.43
36.89
-6.22
11.94
-7.09
-1.43
12.91
-0.46
8.86
25.36
-6.32
27.65
-13.05
-2.28
-9.67
19.19
31.23
14.84
28.29
37.14
36.68
18.41
16.45
11.15
50.28
7.02
-3.16
23.94
22.43
22.18
6.52
-6.59
27.72
20.05
27.81
11.32
0.38
-6.14
33.68
34.10
-24.04
33.11
-22.62
49.15
24.46
-0.91
18.88
-27.26
-22.10
16.26
51.78
-36.45
41.63
-1.51
20.14
28.12
17.28
0.93
23.29
31.97
9.91
-32.65
32.68
-17.31
28.35
-9.03
-20.60
44.83
-14.13
40.30
14.48
3.10
20.88
-38.92
14.30
17.52
17.30
3.93
62.29
-6.02
17.46
4.40
-19.78
3.52
17.88
3.93
3.49
-14.14
4.49
-14.43
0.10
48.36
23.59
53.29
2.67
-4.98
22.10
28.48
-2.36
22.46
7.10
-31.81
62.44
-34.12
-1.28
-36.08
18.36
4.52
37.76
32.46
-5.99
-4.48
-0.69
15.44
13.60
56.58
15.72
-39.32
5.88
21.19
-7.10
8.23
20.87
-18.32
-4.54
34.66
26.06
21.31
23.07
16.09
30.96
13.79
-16.95
-21.75
16.77
59.66
11.42
28.03
-5.92
0.32
22.78
40.11
40.79
7.15
7.93
36.72
-20.50
-5.45
46.31
36.29
14.61
26.38
32.70
14.21
34.50
-7.23
12.19
-17.27
9.86
-4.83
5.47
29.35
18.83
23.92
40.55
29.33
15.25
46.02
10.62
20.26
-1.61
-4.92
43.80
31.10
17.34
0.34
15.37
-1.65
16.49
25.66
19.40
-8.61
0.31
17.03
9.62
31.96
32.04
48.70
5.83
12.21
27.47
33.15
16.66
59.91
17.43
15.62
28.42
51.49
22.50
1.13
-14.05
-38.52
-1.69
37.31
8.75
8.41
-0.90
17.52
-2.06
21.05
29.81
-5.35
37.25
56.26
-21.68
37.49
-2.58
-0.26
-11.08
25.08
2.26
2.92
24.36
9.70
46.41
7.03
-4.50
-0.10
24.02
11.23
8.14
-5.71
1.95
-4.71
-27.17
-21.88
10.79
-0.51
0.15
13.06
14.99
12.83
-29.30
19.58
33.24
-14.09
2.25
1.08
40.88
2.52
-3.57
16.16
1.78
44.91
-16.80
22.75
-5.50
0.10
-6.61
30.96
12.50
10.45
21.05
43.52
-20.06
-9.05
38.33
25.02
1.28
20.74
25.51
-18.97
3.02
-1.30
32.69
9.19
49.35
21.34
1.24
-0.68
13.87
44.08
-20.93
25.11
4.28
6.10
21.99
42.56
15.54
6.12
9.23
-0.77
13.26
9.20
-10.56
24.19
11.85
-18.06
5.63
-10.58
1.58
14.28
37.22
-3.77
-16.32
12.75
-9.16
-3.93
12.55
32.55
14.46
-22.60
29.60
23.43
18.02
29.78
31.91
24.55
-4.89
36.54
43.93
6.93
19.04
7.48
9.03
5.12
-1.34
6.12
22.13
19.15
-3.01
-19.63
7.93
-9.84
-19.56
2.70
27.27
-7.73
29.89
11.62
-22.04
3.23
40.37
21.30
32.12
65.84
19.08
36.84
-19.86
-13.50
14.36
10.97
-16.10
15.53
-6.68
7.24
26.48
0.73
11.23
14.88
26.17
-25.72
-21.32
11.12
-35.55
12.82
-3.70
22.00
-14.04
39.03
2.01
-1.15
-6.50
38.14
-10.02
4.97
20.97
32.55
18.99
6.64
-5.11
5.32
4.04
25.37
-19.89
17.96
12.51
23.15
-5.18
29.18
27.12
4.17
5.54
26.35
-2.18
32.36
25.97
4.05
13.58
10.84
10.82
28.65
-10.60
26.57
6.58
-2.42
-13.71
2.63
-28.19
-3.21
-11.38
41.96
53.68
23.14
26.99
10.87
28.81
9.59
23.42
-3.34
20.10
23.41
21.59
-6.46
17.11
7.23
6.60
19.71
-4.91
34.18
20.99
13.30
18.41
29.41
-5.54
15.24
19.42
5.64
-6.01
-1.44
13.57
-4.49
-9.10
-30.38
26.76
10.63
6.49
-2.23
21.14
48.26
49.23
-0.11
8.44
8.32
28.43
26.49
-25.76
-30.85
-4.16
1.75
-36.73
-8.39
23.33
28.36
24.44
33.31
46.45
-2.00
14.40
4.52
-29.76
4.72
-0.04
19.25
-17.68
28.89
17.38
-14.19
24.54
-2.38
13.60
10.05
24.54
-12.00
13.15
28.37
12.88
31.01
14.70
2.93
6.03
17.84
-7.22
26.79
-11.18
31.65
43.68
31.17
14.29
7.59
-12.49
20.16
10.51
-12.50
19.50
11.88
13.42
44.12
-22.57
-0.98
7.93
19.20
21.93
72.87
21.54
26.05
49.00
-13.15
24.62
-11.18
12.88
12.67
7.80
5.50
12.50
-5.26
-16.62
23.47
-20.20
11.96
-0.64
18.31
20.42
16.62
12.93
13.09
9.58
3.39
26.68
4.93
-12.93
21.90
21.83
-15.45
10.01
34.82
25.88
12.50
9.09
21.79
2.47
-1.31
2.27
-21.31
-23.44
-52.78
-2.71
-6.16
-2.79
2.54
5.38
7.31
47.05
17.85
17.19
42.16
31.90
25.66
66.33
25.63
-3.14
1.93
1.36
-28.27
-11.12
5.90
31.27
11.61
-0.81
-2.73
41.88
6.87
5.28
22.44
-4.19
-9.45
-6.05
-2.77
33.98
23.23
32.68
19.80
19.23
10.88
34.85
8.46
-6.13
23.94
17.62
47.18
12.69
10.85
53.53
42.87
0.72
10.75
29.98
6.51
28.56
54.96
-8.07
5.99
-3.29
32.45
14.05
22.10
-22.28
24.82
11.38
43.73
28.57
-20.74
-33.95
-9.22
29.46
4.16
-15.96
7.13
-7.80
-28.29
-14.20
-0.65
33.78
-9.43
10.49
25.89
10.02
-6.54
-59.60
-3.36
24.62
27.24
-24.28
3.38
2.55
29.68
14.55
24.86
15.28
19.22
-6.21
7.03
-0.26
38.31
32.86
36.08
-8.50
11.30
8.44
15.48
14.64
26.06
37.76
21.12
-10.98
8.96
18.10
34.15
25.55
-4.29
-1.48
31.57
-7.71
15.23
26.56
5.61
17.84
11.01
53.42
15.09
31.21
10.44
21.65
-2.64
14.69
12.74
6.53
13.68
27.70
-11.05
31.58
21.48
39.79
-8.24
21.45
9.17
25.56
-18.05
7.93
-28.75
29.69
-8.21
0.25
14.96
40.50
-2.20
33.98
-7.06
30.40
15.67
9.29
-22.92
3.87
-3.66
8.26
-9.52
32.67
5.07
-6.23
27.32
-3.24
10.06
41.90
7.91
26.58
8.50
33.51
-17.57
14.24
-11.34
0.14
-19.91
17.38
8.20
13.17
-37.92
34.12
11.02
12.41
12.08
25.00
-25.69
7.52
7.67
25.64
50.03
5.97
17.50
-1.22
-19.00
-13.62
13.72
-5.46
-21.71
-1.72
26.80
-4.29
12.41
16.16
24.97
-11.36
-9.32
-23.71
42.26
-18.75
55.88
14.41
-2.01
-2.57
-8.70
0.31
17.23
31.47
-3.42
35.53
7.26
30.53
-3.48
59.44
3.01
3.21
-18.44
-21.01
31.85
21.30
11.37
10.28
-18.84
-5.25
25.91
-11.66
41.60
18.46
-0.04
37.86
-9.89
18.61
-13.56
10.51
-4.56
34.93
33.22
-3.39
8.46
0.05
-5.32
-7.44
44.58
-13.01
61.86
-6.33
6.71
-38.40
-5.63
27.42
-9.85
-26.88
-29.84
4.66
2.82
37.47
-7.96
30.08
37.27
5.74
-7.26
-9.08
-3.39
35.94
45.60
7.16
1.41
-12.77
6.29
15.47
25.60
22.93
-14.80
14.14
-6.72
-30.49
7.76
-15.30
13.71
6.37
-14.88
-24.03
-4.09
2.28
-13.43
37.95
19.92
1.96
23.33
-2.32
-32.11
-35.05
0.81
-19.12
12.12
-20.73
33.25
26.84
-30.03
-28.77
30.12
-3.22
9.28
15.02
5.88
19.39
66.42
-19.21
-2.50
32.23
15.79
16.41
34.31
-22.33
-3.86
-6.43
16.01
9.93
-8.54
27.71
-16.48
-2.79
12.16
-6.60
36.86
11.74
10.76
26.80
-3.49
27.71
1.14
2.07
28.48
-1.61
17.63
21.83
-34.93
10.54
8.62
-2.81
-3.38
13.88
55.69
2.51
27.49
10.04
16.59
51.98
59.23
33.24
17.69
24.76
4.26
-19.34
-13.03
9.19
30.45
-14.08
11.42
-39.39
-17.75
11.22
-23.25
-17.00
15.28
2.21
15.48
2.62
5.01
-19.76
62.49
0.51
20.11
10.95
17.84
41.71
9.10
-17.74
1.00
24.99
17.25
21.52
7.85
-5.22
-0.97
10.82
2.92
32.24
-9.29
28.23
-3.83
-16.71
-19.91
-17.83
11.32
45.96
3.98
-7.27
9.01
9.79
22.01
17.05
13.72
22.76
-16.76
-8.43
30.80
-3.58
-29.68
-3.04
-4.96
-7.00
6.50
-18.98
-1.01
-22.89
-6.75
9.91
16.57
25.37
26.33
9.08
35.84
-11.76
4.64
3.52
-0.88
21.56
37.02
24.25
14.88
0.44
34.95
-11.11
16.78
22.81
17.10
-10.07
0.14
2.98
14.31
27.96
12.53
13.41
-15.84
-3.84
9.63
50.46
2.96
33.86
13.47
11.52
14.02
-6.32
44.35
17.85
39.78
-0.66
-33.65
22.23
11.39
14.87
18.07
6.78
-3.95
8.05
-4.96
33.33
44.89
2.85
16.72
29.37
16.38
21.82
-18.14
10.40
54.59
-3.41
-16.38
9.18
-5.80
0.89
-14.47
-9.26
38.01
2.84
20.90
12.56
38.49
40.12
18.93
20.77
5.46
16.22
-9.57
30.91
-43.00
9.61
58.09
18.25
11.32
24.36
18.60
-17.09
-2.45
35.81
-15.88
-5.00
14.58
11.14
18.64
15.86
-0.89
-27.75
31.73
29.69
-29.15
-5.14
42.37
-1.92
13.10
-18.82
27.77
-11.40
-7.39
-16.33
-18.89
-6.12
2.03
-4.47
-14.85
-12.09
-0.80
7.29
19.31
26.85
-2.10
22.55
42.31
4.44
-1.96
23.12
-53.71
-0.73
36.46
-20.00
29.19
-7.16
13.04
-18.64
41.36
38.34
-0.18
18.49
-1.93
3.16
-2.43
27.35
-9.33
-26.14
-2.55
21.89
6.60
17.15
8.04
-1.07
9.29
23.46
8.76
-12.15
-17.14
29.42
-16.43
4.10
10.75
1.95
-1.54
-2.43
15.41
4.49
38.17
-9.62
-24.07
8.11
-6.85
16.84
4.87
37.23
6.49
-2.41
6.27
4.21
-16.37
-7.43
-21.25
7.81
8.56
-19.74
28.05
-7.03
4.23
2.23
-4.68
-5.23
22.17
19.95
41.51
-31.28
5.18
4.05
-20.92
10.71
12.25
-48.67
24.59
30.97
54.20
35.85
-0.28
10.28
17.98
15.50
-4.61
-11.41
8.65
10.95
-22.15
11.84
-18.23
-2.32
-1.41
-16.29
-8.65
-6.85
24.30
12.54
-21.39
-14.83
-3.93
3.13
1.02
31.66
-36.02
-6.81
16.42
42.11
53.68
28.00
14.87
10.85
-13.88
15.59
29.74
-27.24
12.29
6.61
-6.59
3.11
-4.06
19.14
7.18
45.84
-3.70
-23.81
-4.94
15.46
11.90
17.42
10.28
-5.81
39.86
-23.07
17.88
14.90
21.83
-15.30
8.36
8.66
27.42
22.73
-6.87
30.05
19.47
-4.56
18.73
7.26
7.08
-12.14
-6.30
-6.54
12.86
20.57
26.33
7.27
-6.30
27.79
14.48
10.15
35.88
-6.48
-5.19
32.37
7.31
-5.56
8.85
-2.44
-11.15
-1.56
46.91
-55.63
-6.05
27.83
0.98
10.13
1.34
-26.02
-4.95
24.84
36.11
-3.72
33.82
8.98
42.25
14.83
-20.58
29.62
-13.05
34.46
27.88
13.18
34.92
22.06
8.24
-2.95
-11.06
8.80
-12.15
-1.47
-9.99
23.59
-4.50
21.06
25.63
52.38
-23.86
15.17
-26.17
-7.45
25.96
-19.78
5.72
9.89
13.94
25.63
-1.45
-8.57
3.71
-6.85
0.32
-16.70
-6.80
-9.36
-2.30
-1.67
2.08
-11.91
-11.12
57.35
27.13
-18.38
-1.19
69.95
26.66
25.17
38.92
11.43
12.87
1.02
-18.47
30.50
2.20
-11.32
3.40
5.17
25.52
5.12
27.08
-17.78
21.76
5.68
-2.61
-0.29
-1.37
5.08
-3.65
18.28
14.81
12.33
-20.63
18.30
5.00
32.74
32.23
8.08
41.18
31.87
11.25
33.92
35.97
15.81
38.38
-7.39
2.45
-0.67
50.34
7.56
12.05
-28.59
6.00
11.93
1.17
32.48
4.66
8.00
19.89
13.74
-0.67
-15.73
31.73
-20.28
25.07
-0.56
29.76
5.89
-5.46
8.81
-9.49
3.82
2.40
39.21
-40.76
10.57
-7.11
21.44
-4.93
-2.53
21.18
32.01
-4.43
-15.77
24.26
17.85
-14.28
35.52
27.57
2.33
-30.80
38.40
14.71
51.56
37.08
15.78
-8.04
18.98
14.95
16.59
-2.27
-3.38
20.45
47.05
4.04
-4.79
18.43
9.02
10.50
15.43
3.39
37.76
-9.85
15.12
27.24
38.42
-26.93
14.13
-14.49
9.92
33.15
-28.09
16.64
-17.38
31.83
27.57
-4.55
21.93
-5.08
33.01
-15.74
1.00
23.46
42.79
14.89
-1.21
-2.10
6.46
10.77
-55.74
6.19
12.38
22.34
36.77
13.26
25.54
-5.18
31.06
2.39
17.07
23.60
13.78
42.91
20.99
12.58
40.73
0.36
-24.28
34.16
6.18
0.17
10.00
-19.86
-8.00
1.84
13.95
-20.52
14.54
-1.56
-3.33
-10.26
19.26
-9.79
17.40
24.99
43.12
45.29
43.66
23.34
-12.79
-22.24
20.80
-12.87
27.65
3.53
8.54
12.09
-30.15
18.21
22.42
3.92
51.49
-1.62
7.81
7.05
9.07
19.38
16.52
-3.64
38.34
0.73
15.48
9.65
20.02
-13.87
-12.46
3.32
9.45
-14.46
22.65
15.77
21.92
30.89
-6.52
20.68
4.73
16.91
9.76
44.94
-13.63
15.77
30.19
15.84
27.66
15.31
33.79
20.91
-0.72
12.55
0.87
16.98
-13.50
13.85
13.45
7.71
-1.37
53.72
-24.57
-36.62
5.31
10.77
27.33
7.91
-8.12
44.48
18.03
-8.98
13.96
5.22
-7.47
25.39
-16.64
-43.38
77.67
19.71
27.14
-17.10
-13.67
17.13
11.08
34.14
-14.56
15.43
13.87
10.49
-5.94
-4.54
34.16
46.42
19.52
12.29
-12.62
18.69
21.69
-17.74
-9.34
-11.52
28.18
15.54
-3.02
16.07
17.32
36.78
7.51
9.39
-18.25
-8.23
34.96
-9.55
-16.98
14.81
38.72
26.89
-21.44
11.66
-20.71
10.30
28.02
4.06
-3.33
-6.51
-15.50
-22.64
-11.31
19.85
53.92
6.78
13.34
-10.51
-5.68
9.80
-19.29
10.26
44.90
3.41
21.10
14.49
20.77
31.19
-3.37
19.24
-3.71
-26.77
5.91
5.29
10.76
23.93
21.94
11.29
19.21
5.01
10.61
-3.54
45.69
21.20
16.11
38.95
14.50
38.02
-2.80
7.91
10.43
16.78
35.00
1.87
-5.21
20.74
-5.83
-34.16
9.98
46.85
17.03
-17.12
2.46
-16.37
-2.37
6.00
43.13
15.90
25.39
44.29
35.58
11.36
-21.64
29.95
27.67
17.75
-6.43
31.04
-20.38
-65.57
-21.38
41.48
27.12
66.05
-13.77
14.44
15.70
0.50
18.38
0.88
-0.47
30.99
-17.11
11.86
41.22
-27.91
-18.62
20.13
21.43
-20.94
23.97
47.10
8.88
24.80
28.35
1.53
-7.34
-10.96
-15.84
9.01
27.53
22.59
8.58
7.87
8.78
39.34
44.02
-7.50
3.78
6.83
46.79
8.70
-16.00
-6.62
-35.82
-19.35
19.52
-4.66
3.54
43.72
13.29
11.39
19.17
19.39
29.49
28.58
14.52
21.66
46.20
16.63
0.53
-32.78
10.54
16.56
11.20
19.39
18.23
22.88
23.76
28.49
-24.48
19.76
12.30
-10.84
33.25
40.87
2.50
-1.98
34.83
16.72
22.49
39.16
2.60
43.32
26.22
-13.74
34.74
0.11
0.96
16.46
-14.63
15.60
-2.56
-18.63
-8.56
42.58
43.08
14.53
9.91
7.53
-5.97
5.54
8.51
69.69
1.11
18.01
32.94
-6.94
19.24
-8.26
0.66
24.69
15.46
42.27
24.13
4.84
1.96
-10.36
9.03
28.73
39.71
-2.69
24.56
23.13
-9.64
-10.58
38.26
39.70
15.28
9.30
15.93
16.42
-7.61
21.93
26.01
-13.45
-6.59
22.84
-24.44
16.03
-1.72
8.93
-8.03
3.76
-12.90
9.56
12.45
32.63
-0.92
15.19
-4.67
28.20
1.19
7.67
-16.64
-18.30
-21.17
2.50
-1.19
29.12
9.60
7.44
-9.84
15.86
25.61
7.28
-15.10
0.17
10.03
-21.37
20.00
0.74
-21.48
-0.49
3.19
20.81
14.34
23.63
44.84
53.95
11.08
-41.13
2.23
21.14
20.27
13.62
8.52
21.07
12.24
29.49
14.65
6.61
-1.32
38.66
6.28
26.35
-7.70
8.40
9.84
-16.47
-20.55
49.64
14.44
11.98
25.85
37.19
33.43
53.05
22.83
36.28
31.34
0.68
9.65
46.36
-4.48
-10.45
-5.84
14.56
-24.98
12.44
23.93
13.84
27.37
14.40
-2.36
-22.58
23.97
-38.59
16.08
-18.26
-0.25
25.96
15.30
22.61
13.61
-12.00
18.98
7.27
14.84
27.10
-6.61
30.92
31.98
-11.88
-0.63
17.59
37.29
1.48
28.26
17.19
8.42
-1.70
13.54
4.96
10.30
37.46
2.50
4.47
-5.45
-10.91
5.89
32.28
28.66
-1.56
7.83
-7.45
35.79
50.69
46.08
9.75
33.56
27.64
11.97
-2.81
32.61
-15.94
-7.07
13.54
-0.08
-6.93
-19.99
14.73
13.78
-6.92
13.60
29.16
13.83
36.93
-13.42
8.48
26.26
-3.41
5.01
6.75
15.33
-7.33
26.60
28.93
25.18
-2.23
19.89
-10.79
23.69
31.82
35.94
4.78
-12.76
-26.83
-35.45
42.63
13.65
19.29
-17.12
3.58
-18.68
33.13
12.15
-2.69
1.44
25.11
5.92
-3.39
8.84
24.20
28.96
3.29
-12.74
-19.80
33.18
14.79
-26.54
11.12
9.23
-9.78
-5.12
12.31
10.01
-0.39
-14.51
8.34
20.54
-22.25
53.69
8.67
19.28
-20.74
-0.91
11.14
6.73
-6.43
22.57
-2.96
-2.50
23.83
-4.38
-7.68
-33.90
56.27
34.84
20.23
2.88
-35.33
32.46
8.99
-19.34
15.88
18.29
-16.64
17.36
59.49
-22.09
52.27
6.59
2.53
17.42
5.44
1.64
16.86
17.65
-10.30
7.68
37.76
-12.89
-11.96
19.31
45.99
50.61
35.31
3.48
-11.89
10.88
16.49
5.26
-15.85
11.76
29.21
35.06
34.18
23.41
-19.00
20.87
32.22
1.56
43.19
22.83
53.63
20.92
-14.24
-14.52
-0.02
37.85
-0.22
-13.89
-4.18
-47.31
-1.47
57.50
6.12
18.31
19.68
2.18
5.83
0.73
-12.61
51.60
12.95
23.01
45.46
19.67
-6.37
23.75
-16.82
18.44
-6.32
35.45
16.84
-1.69
13.14
-6.91
23.91
15.76
-2.52
31.53
4.90
18.92
13.54
3.92
21.46
25.07
-15.36
30.80
-23.08
8.59
-13.29
8.62
-18.54
-2.76
42.47
18.54
4.26
8.45
28.61
-6.78
28.88
17.33
52.06
6.24
23.35
-5.95
26.92
-23.99
-35.51
26.27
2.73
47.85
33.27
-7.05
-25.52
34.66
-39.53
40.56
-46.71
18.80
-26.00
-20.99
35.84
33.63
34.95
-13.53
2.84
0.90
5.65
9.39
-14.34
6.62
30.18
15.02
-23.18
-36.20
14.64
56.62
24.27
29.63
-11.49
-11.33
17.58
1.89
0.16
-11.45
10.88
29.16
4.99
19.33
32.33
-4.58
-5.78
14.48
46.48
-15.64
34.36
8.97
39.62
23.62
-31.43
31.19
27.75
6.91
29.78
29.28
-0.49
-1.68
10.94
5.08
19.72
23.99
41.50
-14.78
-2.81
11.26
-8.51
-2.92
36.63
-0.83
-6.49
-6.91
36.94
-2.72
3.98
25.20
3.08
0.25
15.00
-18.46
-7.43
27.73
22.02
-36.45
-32.50
-16.66
7.86
52.69
9.79
16.98
36.86
46.34
-12.52
33.88
0.26
30.58
21.51
-17.94
3.67
19.83
-10.51
17.97
12.29
15.49
0.73
10.77
-17.33
5.66
-39.52
33.61
-9.64
28.79
-6.31
23.65
29.98
1.31
-4.24
9.11
7.69
-16.89
11.61
14.54
0.85
-15.29
-1.89
-9.43
-0.11
19.07
3.20
-5.46
-8.32
47.86
-12.78
-15.50
-9.25
15.88
11.50
26.50
15.42
-8.67
5.41
10.72
-13.51
37.65
32.16
34.49
14.74
45.53
-2.60
-15.84
15.31
2.60
5.58
7.90
13.56
30.00
9.29
16.34
28.79
12.40
18.71
31.24
15.33
14.24
13.96
13.14
-5.86
-5.39
2.13
46.07
29.85
15.21
15.79
6.38
-40.29
-17.89
30.47
-0.86
9.33
9.32
2.38
5.57
-10.23
-11.61
14.96
-3.56
30.90
-44.09
-3.11
10.99
38.35
36.48
42.48
13.60
-7.55
-38.51
-7.79
-16.90
15.88
14.67
9.15
12.86
-27.55
-20.21
-2.87
-28.47
33.52
-17.20
30.93
-5.67
45.68
-34.90
27.79
31.89
-4.02
7.81
-4.70
0.98
1.39
29.90
30.84
-4.99
-0.61
-3.01
-12.93
-8.37
3.39
26.92
-1.54
48.05
3.52
16.19
0.74
41.09
7.24
60.99
-4.91
-4.82
7.85
-15.33
-26.77
27.11
16.65
39.17
37.25
35.32
13.64
31.31
-11.50
11.68
2.72
0.77
-18.26
-12.37
-14.75
-11.56
-8.32
-4.87
6.46
11.76
-15.09
19.60
20.44
-2.92
8.27
10.29
-14.89
3.24
6.81
23.46
-7.63
11.78
-16.12
9.37
-23.74
12.92
12.75
13.70
-5.35
27.27
6.10
29.15
-10.98
-5.60
12.93
27.12
-18.82
48.00
-6.24
25.26
19.60
25.45
-4.34
1.61
12.91
2.86
-5.40
-46.68
32.69
22.14
15.51
31.52
2.32
25.23
-25.91
16.36
15.95
-13.30
42.17
25.89
-16.63
63.17
10.20
-28.12
-1.65
29.60
-12.45
38.09
22.89
11.31
-17.93
-11.01
-14.09
7.59
-1.65
2.72
7.41
11.14
6.87
-24.10
-19.05
58.86
41.55
42.01
11.85
9.07
-4.04
27.17
-6.86
44.87
-21.95
18.15
-7.50
-11.26
-7.55
-6.89
63.49
1.60
-6.28
-24.89
33.74
14.64
-6.81
3.30
-27.73
29.20
8.97
2.54
27.31
12.60
-3.95
8.32
16.16
18.78
23.37
-8.61
-16.65
48.39
-14.82
20.82
-16.32
9.87
3.65
1.66
26.48
14.34
-0.95
1.58
-40.79
32.09
37.12
-0.17
8.28
26.35
-6.99
-35.13
0.63
11.77
24.85
49.64
7.40
-16.95
17.40
-0.59
34.38
24.14
-36.02
37.56
-16.60
19.11
16.04
23.77
38.47
10.38
19.18
29.04
29.21
8.07
-21.27
-9.22
31.69
-12.12
-13.58
35.73
3.64
29.41
25.13
7.70
-6.65
8.45
8.64
14.67
-11.93
38.07
-13.98
-1.83
48.72
19.61
7.70
29.97
-9.29
40.07
5.37
-7.49
24.97
17.61
43.15
38.79
-12.39
45.53
1.95
5.12
24.62
10.95
30.76
-9.17
6.11
5.70
16.64
-0.49
13.27
-12.02
30.91
-2.21
-2.18
-32.90
12.50
11.39
26.78
1.19
16.86
43.03
22.13
10.72
40.12
9.38
8.31
-9.02
-26.54
-1.13
16.52
27.11
-6.25
51.99
37.91
39.24
15.64
-10.64
37.98
21.45
28.80
37.47
10.83
37.06
-13.48
-5.04
3.97
-21.26
25.91
24.34
1.19
-12.96
-6.33
48.41
-13.76
-2.37
6.83
-4.56
-14.49
0.88
10.67
-13.54
12.30
36.18
-2.46
66.77
4.34
6.08
35.49
10.55
39.55
21.71
22.75
8.16
-2.42
60.25
20.93
-6.98
-33.71
49.43
22.27
75.32
-25.38
-10.22
21.72
1.66
-33.01
-19.11
9.29
31.73
15.41
31.38
-6.53
36.74
-8.98
-10.66
22.49
36.59
29.20
23.40
7.94
18.25
28.65
20.95
-1.52
28.95
3.96
-7.72
4.43
16.11
12.73
43.81
-3.98
67.16
23.96
7.07
1.11
27.34
-4.46
18.35
19.65
16.37
-19.78
-9.84
47.35
17.64
4.41
0.32
13.16
-7.68
-18.90
-21.44
50.94
6.32
14.37
25.01
2.57
35.57
-0.53
51.01
11.83
23.05
-2.22
0.64
-20.83
-0.41
12.71
5.41
-12.76
18.00
1.51
37.66
6.00
24.50
-36.44
38.11
8.40
5.06
42.48
11.65
31.26
17.13
13.63
14.25
8.60
38.48
29.44
27.90
8.60
26.28
25.72
24.72
8.06
1.67
1.70
50.24
22.62
20.12
13.04
-19.03
3.67
31.18
22.99
-11.45
-20.26
7.61
-13.29
8.65
35.61
-42.28
12.85
33.75
-2.05
34.49
-9.14
-19.61
-14.19
0.59
45.03
-12.82
-2.30
-5.16
-1.48
51.17
16.28
4.39
-7.57
-13.03
-22.18
19.94
16.17
-6.86
-17.76
27.60
-8.37
7.81
13.41
-2.69
-8.02
50.61
47.49
1.73
20.90
32.63
6.60
13.56
14.05
-5.07
-10.11
-17.38
79.02
44.95
36.68
24.18
-35.62
10.29
27.73
11.18
13.38
-8.03
-15.28
9.45
11.75
42.28
-7.77
-6.85
25.04
27.10
3.07
13.10
50.43
-7.34
38.03
24.64
-15.41
5.00
4.62
5.31
31.89
4.84
-14.39
-6.51
-2.94
-20.96
12.98
11.68
6.09
25.96
-7.18
-16.16
55.35
4.40
-7.44
55.03
8.70
23.33
30.19
-3.49
10.42
11.63
22.41
9.68
-25.06
7.09
4.44
58.81
-11.45
34.00
-18.21
5.48
28.21
-4.12
25.33
40.41
-1.86
-14.93
5.63
-32.12
-13.04
13.14
-16.42
7.49
17.40
14.66
43.13
-3.54
-10.69
4.14
-14.38
7.02
-22.89
5.63
-10.94
-15.99
-1.54
18.17
44.27
17.09
-6.69
20.87
8.57
15.87
20.11
24.62
4.26
-6.07
7.16
-14.58
-6.82
32.49
56.48
8.67
8.31
-0.59
21.62
28.21
22.21
-30.98
10.81
29.01
-6.55
22.27
35.68
11.25
-5.44
15.57
27.17
27.71
-25.84
4.11
-0.35
16.56
14.86
-4.25
-15.60
7.37
17.29
11.70
13.66
12.70
-8.07
27.54
6.68
29.86
17.37
8.23
-19.32
-1.38
4.53
1.06
22.32
5.70
31.98
-25.66
-1.84
33.42
43.31
6.34
3.49
37.60
-38.37
6.16
30.01
34.96
42.33
-32.07
19.33
-3.38
-3.75
15.67
7.29
-29.71
39.25
13.45
-21.11
-42.74
24.26
-17.31
32.42
-28.27
10.26
25.22
5.76
-26.87
-13.10
41.03
7.74
-23.00
21.70
-30.18
-24.65
19.84
33.60
-3.38
36.02
-45.59
19.67
28.95
-19.87
10.58
-1.65
-23.59
54.12
30.34
-4.77
44.40
39.92
39.74
-19.18
36.72
15.41
40.78
27.16
54.58
5.60
-13.39
-39.97
6.17
-13.79
38.74
30.33
0.86
17.44
27.16
21.68
7.90
-7.58
42.82
25.62
21.00
-32.21
9.66
31.73
-4.76
21.24
-3.27
6.61
27.59
-26.70
27.69
29.92
6.87
15.14
72.86
35.92
-22.79
13.97
15.40
32.45
-4.17
13.89
46.10
-10.92
-23.91
-3.77
8.77
11.09
15.64
8.68
40.47
41.41
10.89
5.10
29.47
20.39
15.85
2.44
6.77
-18.73
-9.17
14.74
16.37
-10.76
48.61
50.86
24.00
19.09
28.28
29.13
19.49
-6.99
-23.71
41.63
15.52
-0.48
21.75
39.97
-21.22
4.70
-22.59
21.12
-9.47
9.63
32.83
-5.31
1.24
-20.97
-17.06
3.19
21.73
5.56
-2.45
-27.34
17.67
32.35
-31.00
27.84
3.50
18.63
26.75
5.72
22.09
12.87
27.83
-20.08
-5.27
2.48
21.62
5.64
44.75
-0.54
7.96
25.09
13.67
1.52
26.09
19.03
14.01
-22.98
37.39
2.85
-11.38
8.81
10.70
60.32
27.82
28.16
10.40
32.80
-10.89
12.74
6.99
27.06
3.37
31.32
29.39
-17.08
49.16
23.99
16.17
2.52
16.41
-4.00
40.98
-10.44
-3.50
23.40
9.11
17.68
-8.17
37.38
21.79
18.10
64.90
-11.13
-27.39
-5.77
15.95
36.82
12.31
14.45
21.23
-7.63
34.42
15.32
55.11
49.93
-8.24
20.44
27.05
19.35
23.50
57.83
6.16
9.77
17.49
9.64
33.79
-10.20
-11.55
1.70
1.29
-7.94
3.31
9.40
-41.73
-15.87
9.77
11.34
-1.03
13.65
-17.43
13.82
-10.12
4.44
40.80
-1.81
10.18
-34.54
-11.20
1.52
37.40
-10.85
-4.01
9.76
37.37
29.02
0.21
-17.58
27.05
12.62
-5.45
-11.42
-10.77
-20.75
0.26
-4.06
10.12
22.67
34.40
0.17
11.30
33.76
10.00
14.94
-15.00
-22.75
24.68
-0.26
-2.68
-1.42
-12.69
6.00
31.39
16.67
8.47
13.65
7.58
25.42
-8.28
44.52
18.16
21.60
-8.94
42.35
41.47
34.02
30.59
-6.41
53.03
-18.40
-6.26
24.40
5.33
-14.93
-2.09
-8.84
1.94
0.28
-10.95
18.80
4.91
17.58
26.19
5.20
7.76
20.60
9.92
39.93
44.37
-22.69
26.41
10.25
9.87
13.70
21.90
-24.84
46.57
10.27
-6.09
-15.88
21.60
-5.11
6.96
-4.95
23.24
21.86
16.72
21.81
3.43
16.96
-4.49
37.64
-15.20
-12.34
6.02
16.65
13.79
-15.54
20.23
0.02
10.49
-7.54
17.25
18.66
0.93
33.61
29.68
16.43
-8.43
28.03
29.89
33.71
25.72
35.27
11.16
-9.96
15.56
1.35
46.70
4.66
-10.76
17.70
40.48
18.09
28.71
7.62
26.10
7.98
27.17
21.48
6.31
45.26
17.48
-28.46
36.63
23.63
-14.98
21.49
-25.19
13.08
27.20
2.10
-11.71
-0.92
36.42
0.28
9.23
18.22
5.66
34.08
34.68
-2.16
24.30
36.00
-5.84
10.88
10.27
10.50
22.30
-0.61
4.70
19.55
31.67
30.60
-0.41
14.79
-33.86
-2.52
1.50
-0.75
13.96
4.11
18.57
3.42
1.50
15.46
27.32
14.70
9.91
-16.52
12.82
26.66
11.71
-8.69
-10.00
9.29
53.52
5.67
-2.69
15.34
41.24
25.22
41.14
-2.56
26.77
5.29
12.62
14.57
-21.14
7.07
-32.59
10.95
-5.95
30.19
-40.06
17.70
12.22
5.22
8.00
33.77
12.15
-14.37
-13.37
7.69
0.72
-13.27
23.62
28.20
-5.89
5.79
-48.85
26.10
-0.45
36.65
7.77
16.01
41.79
31.07
58.96
35.66
0.95
5.04
-13.44
22.53
-1.53
-21.44
19.09
-30.57
-25.47
18.80
4.35
11.03
-27.70
-6.85
-3.15
-1.03
11.84
16.06
-14.85
-16.26
-5.19
11.06
17.13
2.06
-7.42
-4.07
34.40
47.58
-8.28
-14.05
7.84
44.37
-44.66
35.61
9.37
-23.21
40.41
-28.20
13.95
9.77
50.20
-3.17
33.42
19.97
40.33
17.69
-9.40
45.47
-11.21
2.99
8.79
4.97
15.24
33.72
-14.56
34.65
-9.94
14.78
31.49
8.59
-11.12
7.01
5.58
30.54
3.78
-8.24
-21.53
39.46
12.56
10.84
15.04
-7.60
-28.39
17.99
19.50
21.92
11.05
-6.94
10.74
15.20
27.82
20.70
4.64
12.05
46.74
34.66
-15.06
-9.83
21.38
18.50
12.07
14.35
-24.04
35.63
39.94
12.71
-7.01
20.00
5.08
5.04
2.87
-26.73
33.44
7.06
75.74
10.91
37.94
16.22
31.01
-1.51
18.47
10.27
19.04
-33.52
22.57
2.87
34.65
5.74
-1.70
-31.24
35.67
11.74
26.65
-11.56
-13.36
24.00
-3.43
16.13
-19.67
12.58
-21.06
-9.68
25.05
-26.31
9.63
-9.88
8.53
33.00
34.67
8.61
0.59
38.70
13.08
8.46
-28.42
-2.10
7.56
21.51
2.42
-5.97
19.97
-12.76
-5.88
12.78
66.73
18.00
-2.80
-5.05
-13.41
37.80
17.54
22.94
13.38
3.23
-12.01
-8.77
20.20
-5.90
12.97
1.56
15.83
15.04
45.05
13.97
16.62
30.86
-1.71
-36.33
47.69
13.52
23.13
24.62
17.63
-19.28
-32.95
-2.09
41.62
-5.13
-30.00
16.18
-1.96
35.67
25.81
26.35
9.00
-2.27
44.25
31.72
15.55
2.06
-1.99
-30.10
22.04
6.17
21.23
-6.29
30.00
19.31
25.06
14.11
0.54
28.20
33.88
23.96
31.77
46.36
-2.84
18.89
10.92
12.83
19.38
37.66
-5.03
9.09
-4.73
9.78
-27.83
17.24
-19.47
-17.87
-1.45
4.18
-2.91
-5.26
-4.93
7.66
8.86
11.49
9.66
-21.55
22.98
-6.70
-16.05
3.31
12.08
50.33
-8.18
-16.44
4.71
20.77
32.49
32.48
-3.87
9.46
9.02
30.67
44.91
14.91
-7.71
-32.03
16.14
11.63
58.73
-12.97
21.45
-17.04
20.41
1.93
29.27
4.57
34.77
-5.01
32.36
2.49
32.57
38.74
18.83
39.38
1.59
3.30
-13.80
6.64
-0.49
20.70
-3.63
51.22
-8.53
1.63
20.44
-9.26
9.10
5.73
34.89
21.19
17.98
18.87
-0.70
7.72
12.84
3.76
-14.09
31.17
-9.12
-1.24
19.43
43.73
25.56
16.84
23.89
24.05
16.19
19.24
20.55
12.27
43.88
27.76
30.14
0.90
8.45
-2.52
-5.82
-15.17
5.54
4.95
-3.93
23.24
10.93
30.40
7.96
58.89
6.52
51.56
1.12
18.45
-9.28
21.11
13.84
42.42
48.97
38.66
21.57
9.54
-14.84
-7.25
33.04
31.15
37.06
12.85
-7.88
19.84
2.71
15.19
-33.70
-33.22
27.75
10.46
0.55
16.23
-20.12
26.16
17.31
32.05
-28.14
15.66
-15.98
3.09
1.86
-13.95
43.43
26.50
-10.56
-27.75
9.27
35.49
3.80
40.29
-8.85
2.30
0.55
27.60
16.91
2.75
19.34
24.02
32.47
-13.71
13.31
11.73
1.70
24.76
-21.22
9.80
62.77
13.44
22.07
0.12
-5.79
-24.27
29.59
16.32
58.51
-11.51
3.69
15.61
-17.78
-12.68
11.91
-6.33
41.67
6.43
5.38
9.13
7.34
4.43
29.58
-7.08
-19.97
38.50
-7.76
13.30
-16.82
35.39
-8.51
-13.46
21.85
20.14
12.03
20.38
27.55
-22.66
35.13
-1.39
15.38
15.01
10.63
-21.20
-0.71
31.02
18.86
-12.16
-20.53
12.10
3.46
-24.69
3.24
25.15
30.44
4.82
-5.75
-1.53
20.28
0.00
34.88
34.79
46.96
11.12
33.89
14.54
-9.10
-2.30
-7.11
7.33
-1.05
0.31
-31.69
-15.35
-0.80
30.43
29.39
19.98
-19.72
-30.47
53.50
24.43
48.25
20.34
7.71
9.34
-5.66
40.10
12.34
12.21
20.36
-26.91
-1.36
7.19
43.99
21.20
40.00
5.24
-0.25
10.16
20.56
3.58
30.03
46.10
3.22
12.90
-10.30
23.29
23.30
37.58
-10.11
16.97
13.74
29.26
4.00
-9.33
9.23
36.41
29.27
23.49
12.73
-0.26
44.71
32.57
18.71
12.30
33.77
16.64
18.94
-10.79
-22.61
27.80
-22.19
5.55
5.02
-24.58
7.77
20.35
1.36
-2.05
-23.76
31.90
15.51
26.12
10.76
-6.30
19.44
21.05
15.77
16.44
4.81
-28.24
9.52
8.74
-29.93
17.27
17.84
-27.36
13.62
-7.67
-4.19
-16.08
10.77
21.69
-12.05
19.06
-11.67
-6.64
3.81
12.59
17.65
-16.67
-21.28
32.35
22.37
6.24
-6.24
5.04
35.68
23.66
-1.66
14.61
10.42
53.97
30.10
31.42
-1.12
10.49
-29.74
17.95
14.96
25.74
2.62
17.33
-6.83
6.95
-1.40
12.65
41.31
14.82
39.28
4.09
25.94
-5.04
-9.92
27.87
6.89
-10.88
-12.60
19.47
-24.75
31.95
-8.55
-5.39
-13.96
28.50
-16.71
-16.56
21.38
0.22
2.21
8.58
15.02
14.04
-9.21
-20.23
-13.21
-9.81
-13.01
-16.80
11.48
13.35
34.89
18.52
14.62
1.54
10.58
57.82
31.02
-3.98
29.82
15.30
8.03
4.19
21.27
28.94
-5.57
19.79
-4.41
10.38
14.72
18.79
7.26
-8.71
-18.19
31.41
6.03
44.60
-28.05
-0.20
-15.29
-19.59
49.93
-17.61
26.37
12.16
18.23
-12.92
-8.08
16.23
-1.28
15.57
-1.93
1.82
3.73
3.95
16.10
12.20
4.64
6.21
20.13
12.15
41.29
-9.97
20.41
46.81
17.75
4.44
-15.30
-14.05
-1.28
28.63
-21.91
17.07
-4.00
-1.27
10.11
14.18
22.21
-6.07
31.26
30.09
1.15
30.39
-25.58
13.09
-14.71
45.68
33.86
12.92
31.20
16.21
16.90
45.55
9.42
-32.76
-8.14
27.97
16.71
25.20
-0.08
14.86
12.42
-6.30
14.49
-13.04
-3.41
11.49
12.86
31.00
8.64
1.32
0.51
32.10
25.05
1.62
14.09
0.19
-20.19
6.73
9.80
-19.54
-34.87
14.63
10.70
21.22
18.17
10.60
38.54
2.97
7.47
43.22
43.73
9.17
17.88
-19.36
21.27
46.85
5.99
-33.59
-5.22
12.85
15.46
39.06
20.07
-6.04
36.80
-9.39
7.78
22.26
-0.21
-24.78
39.32
-6.38
-2.10
15.40
21.73
9.05
-34.79
5.29
0.97
52.09
5.57
33.05
15.80
-5.24
2.68
-8.22
-14.06
10.36
12.87
9.09
37.98
0.05
35.66
2.28
22.43
0.51
54.80
40.97
17.59
-25.02
-7.02
10.92
-19.61
11.84
23.10
19.30
-7.81
31.95
9.16
28.25
48.30
22.28
-15.69
-2.16
-5.22
0.33
13.10
20.77
-9.04
30.63
17.04
-24.79
17.92
46.49
11.53
1.85
19.25
16.05
-16.33
9.73
-15.84
1.22
32.97
-11.23
-7.93
28.03
-9.22
8.38
5.63
5.25
-27.91
0.66
-16.95
20.10
37.88
23.65
27.62
6.29
13.19
19.06
21.00
-31.16
26.55
21.11
12.08
4.49
32.87
1.20
28.28
18.11
6.46
36.57
2.36
9.75
-1.24
-1.53
-8.65
33.21
-21.83
36.46
12.32
38.45
37.81
15.29
54.10
1.88
-1.40
14.90
12.49
-0.90
-0.88
-6.07
-7.90
21.00
-19.08
3.00
12.33
5.25
16.26
13.35
24.84
-17.56
-36.01
33.87
-0.02
26.69
8.86
12.59
-6.91
-18.12
-20.49
-4.22
10.49
15.65
8.89
0.84
11.06
30.93
0.22
-7.19
10.87
22.20
-25.16
33.19
16.47
-5.57
1.35
45.17
42.83
30.33
34.08
-23.02
-4.29
19.54
28.16
0.35
16.72
-3.68
9.13
-5.35
58.64
28.04
23.97
34.16
28.72
-4.93
22.01
-2.97
20.95
24.77
18.58
37.27
32.86
54.67
13.80
20.51
-14.71
24.43
3.60
-2.49
12.04
54.10
-47.39
45.62
-8.73
25.30
5.22
-46.00
36.68
73.04
-1.60
-27.92
-4.28
8.25
8.51
-14.14
24.82
51.71
20.46
30.37
14.23
15.27
9.24
8.81
6.56
7.43
29.93
10.69
-14.55
29.02
35.18
-23.40
7.77
-24.21
-15.74
1.43
-3.98
3.34
-2.19
50.20
21.71
3.53
-21.01
20.06
-1.40
39.85
-11.79
7.60
-12.50
29.49
-31.28
18.35
-20.69
29.64
5.99
15.44
-15.36
2.00
24.86
-3.92
-5.58
2.19
-6.04
38.71
44.84
6.39
23.70
-17.30
25.18
10.57
20.33
-10.46
31.60
-5.99
-37.17
13.65
-1.34
-16.87
5.28
-1.00
5.65
16.95
62.12
-21.48
-11.60
7.91
35.99
-11.89
7.61
-8.24
9.53
29.40
4.74
-27.13
17.70
4.99
31.49
6.82
-1.36
28.47
-0.77
17.17
39.27
27.06
-7.72
-14.28
46.93
-40.95
42.49
4.62
3.30
-14.10
48.52
7.05
17.04
36.76
4.50
-4.94
-33.39
-17.90
21.89
45.24
2.66
20.47
33.09
-9.80
20.81
11.61
10.11
-3.41
13.99
32.70
0.41
3.44
8.28
22.16
3.66
-30.13
-3.61
34.75
-27.18
16.34
30.05
-20.55
8.35
-16.41
-6.24
3.10
50.81
27.68
-6.82
26.86
7.69
28.60
16.80
29.96
4.74
-15.77
-3.09
-14.18
-1.96
21.57
12.49
28.55
37.02
53.21
46.68
-24.11
16.34
12.28
10.80
26.61
11.31
-13.20
18.64
-13.34
-10.21
-11.15
27.48
-1.69
-8.75
22.35
26.19
53.50
22.37
23.49
-2.62
12.38
47.48
7.90
14.47
-5.61
26.04
6.67
2.33
6.15
-35.89
-14.48
10.37
1.01
18.78
29.24
6.76
0.31
-19.66
9.52
41.88
9.43
-9.19
-5.40
-24.36
70.00
32.65
-13.80
-19.35
7.03
5.13
12.04
-3.69
4.80
23.03
5.14
13.12
-5.65
5.81
-13.43
-12.68
-2.07
35.89
7.98
-25.85
21.99
21.80
0.28
-12.32
14.26
9.42
-4.51
3.75
-16.05
-13.50
10.74
-14.34
8.41
33.54
49.70
1.52
-15.87
34.69
5.42
24.29
26.01
42.14
4.51
9.87
6.64
11.06
46.65
27.45
45.87
-0.53
-7.65
34.74
3.94
-9.04
21.99
-9.30
7.68
11.17
3.50
0.27
16.42
31.87
31.36
1.52
26.20
10.60
28.71
15.79
44.58
-17.20
9.02
19.36
-27.33
8.20
11.47
-25.67
4.62
13.27
54.04
26.34
-28.30
6.22
9.58
12.00
40.68
40.15
-1.55
37.74
-11.86
32.71
